7265 1000 10 1335383
12357.9 7.56461e-06
29906.2 5.32044e-06
5835.82 8.13352e-10
38677.2 9.09821e-09
1435.15 -1.16954e-08
24361.2 5.20277e-12
7711.3 -8.68382e-05
34835.8 1.45592e-06
342.137 5.47617e-10
26772 -9.06593e-07
18622.2 -6.52369e-11
39325.6 1.84417e-10
2324.27 -6.21736e-05
21819.8 1.38484e-07
9942.85 7.04773e-05
37411 4.56533e-07
3919.68 1.2784e-07
32453.9 -8.00634e-06
15644.1 2.55706e-06
39897.1 -7.84288e-09
46.9059 5.94984e-07
26118 1.80841e-12
6468.26 -3.26358e-12
37942.2 6.72929e-10
629.953 8.26978e-05
30713.8 -2.97299e-09
14851.9 1.07567e-11
35767.2 2.33685e-05
1880.09 -9.38472e-07
20504 -7.84747e-12
11270.9 -4.04628e-05
39963.7 6.06669e-05
4534.63 7.77431e-05
31905.5 7.53371e-07
17622.6 1.863e-07
39017 1.63578e-06
10.9574 -4.67964e-06
23499.4 -1.75175e-05
9194.11 -1.35906e-07
36546.2 -4.18288e-11
1069.42 2.98571e-10
33872.7 -2.12168e-05
13709.9 7.80096e-05
39724.5 -3.85395e-07
3140.76 6.76478e-05
22506.3 -1.10756e-10
8775.56 -4.33932e-05
38238.8 -6.56018e-09
5104.82 -1.27908e-07
28964.6 6.22949e-10
16752.8 5.30689e-09
39796.4 -2.01772e-10
142.789 2.82907e-07
24911 -9.50951e-06
10544.9 -3.69757e-08
34274.9 6.69771e-11
528.234 -1.20459e-08
33272.2 -3.93603e-05
14188.2 9.65634e-06
38831.7 -3.7839e-09
2877.29 6.84081e-08
22941.7 -8.31146e-10
6888.74 -3.0267e-05
37624.3 2.96287e-07
3663.33 2.75608e-07
29411 -6.3441e-08
19562.6 -1.95508e-05
39995.2 9.81074e-09
2.97748 -2.12935e-05
27650.7 -6.01047e-05
11497.3 1.93848e-09
36184 -4.68259e-07
972.083 -3.28675e-06
31446.2 1.0982e-06
13353.7 -3.80984e-07
39495.9 1.58929e-12
1576.94 1.24699e-05
21068.5 -5.52858e-10
8110.67 1.4385e-11
38079.7 -6.41151e-10
5315.5 2.0802e-09
28512.5 -4.55514e-11
18059.3 3.73645e-07
39948.1 -1.59083e-06
242.479 2.66869e-05
25637.8 -2.41632e-10
10989.9 -1.48694e-06
35168.8 2.25694e-05
826.129 5.19663e-11
32939.7 2.0936e-07
15216.5 3.50608e-06
39187.2 2.67297e-09
2655.62 2.00026e-07
23251.8 1.86925e-11
7319.7 -6.36762e-07
36790.1 -2.79431e-05
4299.36 -2.71872e-08
31030.3 -5.30129e-12
19060.8 7.45675e-06
39618.1 4.52825e-09
435.957 -1.06561e-09
27476.3 -6.98952e-07
9352.84 -6.55016e-05
35959 1.7134e-05
1256.38 2.35691e-09
31134.9 4.82719e-13
12941.2 -9.60116e-06
39257.9 5.03891e-07
2124.38 -2.64108e-08
21569.6 -9.6168e-07
6103.58 1.19986e-08
37157 -6.04827e-05
4734.89 2.28513e-09
28739.2 -2.65531e-08
16443.6 -3.82387e-07
39824.2 -7.42343e-09
90.9389 -1.24827e-09
24728.1 -2.64079e-10
12011.5 3.03935e-06
34579.9 -3.08185e-05
741.057 1.21155e-05
34097.5 1.04155e-06
14609.8 -6.86247e-07
38489.7 1.78153e-09
1776.15 -2.18666e-05
22069.8 5.2339e-06
8010.11 -1.34414e-07
38440.9 8.23603e-05
3520.38 -2.59446e-07
29687.1 6.18575e-11
18810.1 3.2034e-08
39988.9 4.65033e-07
74.8723 6.67352e-10
26297.1 -1.99055e-10
9780.72 -6.52037e-05
36686.6 -4.8746e-11
861.484 -3.61781e-05
32056.5 -3.19935e-09
12590.3 6.91723e-11
39679.1 -2.44691e-06
3345.35 6.53793e-12
20692.3 4.26845e-10
7126.89 -8.23387e-05
36992.7 -3.27772e-05
5660.11 -1.885e-05
28169.9 3.34642e-05
17249.2 6.25177e-06
39924.2 -4.06275e-07
22.9373 -5.1531e-05
24177.2 3.42152e-05
10766.7 -7.13047e-12
35086.4 -2.76255e-07
299.913 -3.62888e-05
33412.8 -3.45851e-05
15889.4 2.20203e-10
38916 -2.04807e-07
2749.6 2.60099e-05
23808 -7.24578e-07
7416.86 2.61614e-07
37771.4 -3.30677e-15
4069.67 -5.29027e-05
30500.6 5.55653e-05
19876.4 -2.00629e-07
39451.8 -2.20192e-05
216.438 -4.43646e-07
25878.4 -3.67638e-11
8931.7 1.09692e-10
35492.2 -2.78907e-08
1528.94 1.12961e-08
31753.4 -5.52742e-10
13531.5 -5.83529e-06
39390.2 1.56492e-07
2382.96 9.25885e-05
21193.9 9.93969e-10
6376.28 2.76735e-07
37317 -2.16177e-05
4816.05 -7.07948e-07
29299.9 4.16503e-06
16135.3 4.07557e-09
39858.6 -6.88373e-09
184.524 -8.42901e-08
25214.7 1.54772e-06
11839.4 6.62854e-12
34362.8 2.49554e-07
570.675 1.05932e-07
33505.8 2.14064e-08
14428.8 1.94169e-05
38699.9 -5.75053e-07
2014.03 1.18901e-06
22755.3 -3.76574e-05
8466.29 8.93658e-05
38290.4 6.35836e-05
3414.87 -1.27709e-07
30231.9 6.0659e-09
18434.4 3.84216e-11
40000.1 -1.20984e-11
6.96607 3.53214e-10
27007.9 -3.10278e-07
10269.8 -4.63522e-06
36294.4 -5.00085e-07
1171.42 3.93844e-10
32649.7 -2.71123e-10
13176.5 -8.99971e-09
39643.1 7.9629e-08
3073.88 -1.63492e-06
20064.7 2.52092e-11
6653.82 9.40821e-06
36892.2 1.921e-05
5188.65 2.99452e-07
27997.6 1.28871e-06
17435.7 -1.19644e-07
39953.5 -4.2599e-08
119.24 -3.25447e-05
24054.3 3.16726e-11
11158.2 -1.48938e-08
35331.7 2.14349e-06
474.344 -1.11611e-06
33690.3 -1.20824e-05
15582.9 1.23267e-10
39113.4 -3.18486e-07
2237.55 9.69483e-10
23437.6 -1.89195e-11
7563.53 -5.11472e-08
37886 1.88764e-05
4455.59 2.16301e-06
30872.5 -8.94264e-05
19437.1 4.2594e-05
39552.1 2.51448e-09
399.315 -6.63813e-10
26653.7 -2.15788e-06
9619.49 1.50551e-08
35689.4 1.41673e-05
1366.73 -8.25317e-09
31291 3.29069e-12
14068.3 2.29142e-08
39222.9 8.55773e-05
2563.18 -4.93125e-06
21381.8 -1.02407e-06
5924.52 -2.41468e-07
37472.8 1.65025e-07
4897.81 7.77692e-08
28852.1 3.65859e-09
16938.7 5.43604e-09
39833.1 4.6412e-05
54.8962 2.86967e-08
25396.4 7.0276e-06
12184.4 -5.97339e-10
34665.8 -4.10889e-09
692.296 1.41614e-05
32843.6 -2.93539e-09
14973.2 -4.24146e-09
38608.3 -4.15816e-07
1700.09 6.46783e-07
22319.4 1.08877e-10
8620.42 -3.1415e-06
38160.1 -1.9656e-10
3772.23 -6.70262e-06
30015.2 -9.76593e-08
18184.3 2.70159e-10
40002.4 6.11753e-05
14.95 9.11978e-07
27184 2.28058e-10
10051.4 -5.63305e-06
36439.3 7.95843e-11
1130.06 -3.81348e-08
32206.4 -1.46992e-07
12824 1.30082e-06
39481.4 -1.33022e-05
3242.31 -3.86126e-05
20315.8 3.72697e-09
6794.38 -5.64592e-10
37091.8 5.56329e-12
5529.81 -3.64295e-06
28284.5 1.65689e-06
17062.8 5.91007e-08
39973.1 -5.87162e-07
279.979 -1.0694e-07
24606 -5.78255e-07
11045.9 9.42893e-09
35250.5 4.05542e-10
556.336 -5.57538e-06
33083 -1.04885e-10
15338.5 2.92567e-07
38977.2 2.49506e-05
1959.92 1.16138e-07
23684.7 2.02511e-07
7910.03 -7.56719e-07
37683.6 -2.6617e-12
4183.81 3.37285e-10
30607.4 -1.20136e-09
19248.9 1.26919e-09
39766.7 3.12083e-05
155.868 -1.41e-08
26416.2 4.95723e-08
9459.19 -8.49406e-07
35882.8 1.26859e-07
1299.97 8.01947e-06
31600.3 -9.4319e-11
13829.1 -1.9159e-11
39150.7 -7.2514e-05
2472.29 -7.49123e-10
21757.3 -3.1454e-11
6284.84 -2.37578e-05
37253.5 5.89634e-09
4614.28 -2.5785e-06
29076.7 8.58009e-05
16567.2 -1.03564e-06
39874.6 2.36579e-05
99.4504 -9.74551e-12
25093.4 4.30625e-10
11725 1.07597e-09
34450.1 -2.82693e-06
843.712 -5.16907e-09
34052.8 7.18289e-09
14308.4 -1.16421e-10
38766.6 1.28659e-05
1801.87 3.73749e-05
22630.9 -2.46735e-06
8262.39 -2.72771e-08
38366.5 -2.07944e-11
3555.87 6.97041e-12
29576.9 1.17896e-10
18935.4 1.81045e-07
39981.5 1.82993e-10
30.9262 -2.73728e-05
27592.6 -2.78233e-06
10379.5 7.48662e-06
36109.7 -1.32941e-07
915.936 -9.70761e-06
32552.1 1.57214e-05
12474 -6.78939e-12
39702.2 -2.08733e-06
3007.68 4.22822e-06
20880.4 -2.96765e-11
6983.61 6.66784e-09
36721.2 2.15522e-05
5443.65 -1.96412e-05
27882.2 3.09757e-06
17872 9.09274e-13
39911 -2.94882e-11
310.175 -3.16931e-05
24422.5 -2.06963e-12
10655.6 -7.77811e-08
34961.8 2.61929e-05
411.335 -3.02042e-05
33319.2 4.8775e-08
16196.9 -9.17214e-10
39075.4 -8.87739e-13
2353.53 -5.97446e-11
23065.9 -5.05189e-11
7810.43 -1.16913e-07
38025.2 -7.94968e-07
3994.36 -1.06636e-06
30393.5 -5.17249e-09
19688.1 1.17013e-07
39421.4 3.81007e-08
66.8818 -1.0811e-10
25998.3 -1.61082e-07
9088.82 1.50262e-06
35571.6 2.73174e-10
1412.16 6.90916e-05
31955.9 -4.56514e-06
13294.6 -1.13674e-05
39358.2 1.20219e-05
2686.78 1.58083e-05
21256.5 -7.07386e-12
6193.94 5.21248e-12
37564.2 -7.72043e-06
5021.57 2.39058e-13
29355.5 -4.79614e-12
17000.7 -2.79678e-08
39866.7 2.21732e-07
18.9434 -9.69381e-10
25758.2 6.49915e-06
11896.7 6.87331e-10
34186.5 4.22771e-10
660.742 -2.44243e-11
33598.3 -6.06801e-08
14730.7 1.53116e-08
38537.7 -3.66016e-08
1625.65 -1.45094e-05
22194.6 4.86149e-08
8723.74 6.90346e-06
38212.8 2.02367e-08
3808.85 -2.61804e-12
30123.7 -3.94274e-05
18371.8 5.41348e-11
40008.2 5.15866e-07
200.078 -5.81957e-07
26949 -1.04456e-09
10160.4 4.39683e-09
36367.1 1.30505e-06
1029.92 -9.45544e-09
32305.8 -1.98764e-09
12999.9 4.94944e-09
39746 -3.25291e-05
3174.44 1.19956e-11
20190.2 -1.35411e-10
6936.11 1.44852e-06
36959.4 -9.9047e-11
5747.69 -9.11662e-07
28398.6 1.01036e-08
17498 1.19676e-07
39997.8 8.78692e-07
38.9158 -1.55882e-08
24544.9 -4.14996e-05
11383.9 -5.73809e-10
34919.9 -3.60482e-08
599.931 1.8571e-08
32746.9 7.9825e-05
15460.6 -2.38362e-11
38874.2 -1.42272e-06
2068.85 7.95875e-07
23623 6.85166e-12
7368.22 -1.65911e-07
37829.1 -2.65118e-08
4260.69 -1.38325e-07
30977.8 -3.26076e-05
19186.2 9.01771e-09
39605.3 2.0837e-10
375.859 -1.16867e-08
26535.1 1.51129e-06
9405.97 2.82587e-07
36034.7 6.44916e-10
1322.04 -1.74587e-06
31394.6 -1.31963e-06
13888.8 -1.02425e-08
39292.1 -3.13665e-08
2442.34 4.80772e-09
21632.2 5.61286e-06
6560.78 -4.05695e-07
37348.5 1.56843e-09
4775.4 0
28626 5.9132e-08
16320.2 -9.07567e-05
39917.7 1.37352e-05
108.85 8.09688e-05
25032.6 1.31792e-06
12126.7 -2.00466e-07
34751.1 2.13695e-06
774.516 -1.08547e-07
33917.9 -2.18557e-06
14670.2 -8.92693e-05
38744.6 -1.96047e-10
1675.1 -1.05942e-09
22817.4 -1.25831e-12
8517.56 8.85295e-05
38391.5 -1.17808e-10
3627.35 -2.64279e-05
29796.8 -1.54372e-06
18747.4 -5.98218e-09
40015.4 -6.87731e-05
26.9316 -4.74721e-07
27359.6 -1.50407e-07
9834.66 2.25028e-09
36616.7 2.05759e-10
953.179 -8.03465e-11
32601 -1.26215e-12
12707 -3.55412e-08
39776.8 9.65861e-10
2942.15 8.79122e-07
20629.5 -1.67901e-11
7223.04 2.97648e-08
36824.3 -7.70116e-08
5573.1 -2.57943e-10
27939.9 3.53901e-11
17934.4 -1.10753e-09
39968.5 9.05467e-06
260.833 5.35857e-06
23992.8 -1.346e-06
10822.3 3.60895e-06
35412.3 8.18507e-11
461.355 -2.26365e-08
32987.6 1.06274e-05
15766.7 -5.77933e-09
38956.9 2.70035e-05
2180.61 2.55821e-06
23127.9 8.80162e-09
8060.33 1.31779e-09
37970.1 -7.47337e-07
4377.17 3.53273e-12
30766.8 -9.18863e-09
20001.9 4.34126e-05
39524.4 2.63504e-06
169.784 -6.24728e-06
26177.8 -7.70304e-07
8983.97 1.23538e-10
35728.4 -1.21606e-07
1481.68 -1.74291e-10
31702.5 1.11369e-05
13590.9 8.47326e-10
39374.3 -7.493e-05
2813.1 1.40702e-10
21131.2 2.01791e-06
6058.61 -5.92358e-05
37594.3 1.31245e-05
4980.17 8.38871e-07
29188.5 2.46301e-05
16690.9 -8.18997e-05
39841.8 1.89312e-06
70.8771 1.78565e-06
25517.2 -8.06193e-06
11611 2.01125e-07
34406.5 -1.97235e-09
708.359 -4.39451e-10
33781.8 -4.68478e-11
15094.8 -2.11027e-08
38584.9 1.16804e-08
1906.52 2.84185e-07
22257 -5.04589e-08
8211.7 -5.33708e-06
38133.5 2.01561e-10
3735.77 7.53908e-07
29960.7 -5.81851e-10
18246.8 -1.4794e-06
40019.5 1.978e-10
177.052 2.57062e-08
26890.1 -1.44533e-09
10324.6 4.81426e-06
36257.7 -9.41245e-05
1089.45 9.974e-06
32156.6 3.12804e-08
13117.6 -5.47875e-07
39655.3 -1.33056e-10
3310.84 2.10418e-05
20441.3 -4.53563e-13
6700.55 8.37018e-10
37124.5 1.59635e-06
5273.07 1.38514e-09
28569.3 1.09873e-13
17311.3 7.57658e-05
39936.5 -8.833e-10
34.9209 -9.97083e-12
24850.1 -1.22152e-07
11214.5 8.01148e-07
35127.7 9.0465e-10
500.903 -1.53251e-05
33177.9 3.04279e-07
15277.5 3.95662e-06
39056.1 -1.83747e-11
1986.89 1.12146e-06
23869.7 5.89255e-07
7612.66 -8.29082e-10
37742.3 5.43995e-09
4145.61 -2.2679e-11
30819.7 -6.91502e-08
19374.3 8.76312e-10
39579.1 -1.81737e-08
423.549 -2.90251e-11
26356.7 -1.12796e-09
9673.13 3.29911e-08
35611 -2.9635e-11
1213.53 -4.83331e-11
31239.1 1.06621e-08
14128.2 2.39188e-05
39275.1 -2.70906e-10
2532.71 -4.91748e-10
21944.8 -6.09319e-10
5969.08 9.28417e-07
37503.4 4.73364e-05
4654.33 4.62406e-06
28908.4 6.09437e-06
16381.9 -6.02429e-05
39889.8 -2.28287e-08
130.569 -5.67219e-06
25275.3 3.90169e-06
12300 -4.76527e-08
34536.8 -1.81231e-14
791.53 -1.09989e-08
33963 1.68278e-09
14368.5 -6.48798e-06
38810.2 -3.51268e-06
1601.2 -1.6689e-10
22444 5.39735e-06
8879.54 4.00957e-07
38513.8 2.19542e-06
3485.05 -5.62504e-10
29521.7 -5.74508e-08
18559.6 1.05441e-09
40028.9 4.63894e-05
42.9108 5.5289e-10
27301.1 8.00441e-06
10105.9 3.36202e-10
36510.7 -5.92438e-06
1010.45 -1.52371e-08
32006.3 -1.7201e-05
12882.6 -4.17362e-08
39592.3 -9.35261e-08
2909.63 5.43962e-06
20817.7 3.36889e-09
7079 2.79527e-06
36858.3 2.45284e-11
5791.68 -3.48308e-11
27766.6 6.52562e-14
17747.2 2.46249e-05
39985.3 7.33125e-05
289.847 4.083e-08
24238.6 4.0849e-10
10933.9 -3.52703e-05
35209.7 -5.40113e-08
448.559 3.16558e-08
33035.4 9.44393e-06
16012.3 1.14912e-06
39132.1 -2.31453e-06
2266.28 -6.4151e-05
23313.8 -8.17889e-08
7661.92 2.15716e-06
38052.6 -1.2077e-07
4495.03 2.90885e-06
30554.1 4.29573e-09
19750.8 5.68942e-10
39805.8 1.96052e-06
233.599 -3.44975e-07
25938.4 7.06983e-08
9246.92 6.66209e-08
36072.2 5.07813e-05
1389.35 -4.37909e-08
31497.7 1.33963e-07
13472.2 5.79398e-10
39342 3.27997e-05
2781.27 3.65599e-08
21444.4 -5.91275e-07
6330.49 2.34393e-05
37221.5 1.08573e-09
5230.79 7.58209e-10
29244.3 -1.67869e-09
16876.7 -3.51736e-08
39942.4 1.98976e-06
82.867 3.66024e-07
25577.5 -3.08088e-07
11954 -1.79145e-09
34493.5 6.91353e-05
897.596 5.42672e-09
33459.4 2.4553e-08
15034 -2.24664e-07
38631.4 -3.79351e-06
1827.76 1.2022e-05
22381.7 1.0105e-10
8313.19 1.72704e-11
38341.3 7.58349e-06
3956.94 5.82905e-06
30285.9 -9.01231e-08
18497 -4.981e-14
40005.1 -1.21641e-06
331.287 2.20843e-05
27125.4 -4.25958e-06
10489.7 7.33799e-08
36146.9 2.79981e-09
1150.65 1.55141e-09
32404.7 -3.83525e-08
12532.1 1.55506e-05
39510.3 -9.66349e-13
3107.24 3.38102e-06
20253 -9.11219e-06
6747.4 5.99872e-05
37058.9 1.27828e-08
5616.53 -1.6181e-11
28227.2 -2.5327e-08
17560.3 1.65179e-07
40034.2 9.33683e-08
58.8914 -2.04472e-07
24789.1 -1.31081e-05
10711.1 2.48255e-06
35452.3 6.49695e-05
645.252 -2.2007e-07
33225.1 7.41133e-10
15521.7 -1.29772e-06
38895.2 -2.828e-08
2152.41 9.14946e-07
23746.4 1.80924e-10
7960.01 2.4859e-05
37997.8 -4.14299e-08
4031.93 -1.29562e-08
30339.7 3.35722e-09
19311.6 -1.42333e-06
39713.5 -7.68595e-08
149.223 -4.67987e-11
26594.4 -1.30931e-11
9036.34 1.0558e-08
35844.4 1.2042e-07
1344.29 1.83735e-09
31804.2 8.5922e-08
13948.6 2.02794e-10
39436.7 1.82413e-09
2502.41 7.68598e-08
21694.8 -2.05767e-05
6148.69 2.53824e-06
37379.8 1.36244e-06
5063.12 -1.8934e-09
28795.7 -1.5617e-12
16258.6 -3.55135e-10
39815.1 1.65773e-11
50.901 -7.32926e-06
25456.8 2.26593e-06
11668 -1.17529e-07
34708.5 6.54673e-07
757.691 -2.05183e-06
34142.1 -6.59713e-05
14549.4 -6.2849e-12
38788.5 -2.47254e-05
1725.27 2.53841e-09
22693.1 -9.2773e-05
8568.93 1.9516e-05
38465.4 3.3958e-09
3699.47 5.08511e-09
29742 2.96876e-07
18872.7 -1.89811e-11
40046.5 1.90849e-06
353.182 -4.70456e-06
27708.7 -2.37911e-10
10434.6 5.14495e-05
36403.3 -2.33213e-06
991.175 4.02182e-12
32355.3 -7.71273e-06
13058.7 -4.32066e-07
39538.4 -1.07368e-07
3276.49 1.31186e-10
20566.8 -1.98434e-07
7271.31 1.04206e-11
36651.7 -7.95446e-05
5146.66 1.8816e-11
28112.6 -2.43172e-06
17809.6 -6.74672e-05
39977.4 1.43584e-08
104.026 1.73804e-09
24115.8 -3.01215e-05
11327.4 2.09228e-11
35003.5 -5.66822e-05
585.207 -2.99255e-09
33552.1 3.86273e-10
15828 9.14447e-06
39036.7 5.23718e-10
2096.53 -2.43778e-10
23003.8 -1.39865e-09
7514.51 2.2072e-10
37800.3 7.78504e-06
4222.17 -1.40692e-06
31082.6 -3.32948e-05
19813.6 -2.28763e-08
39756.5 2.85542e-10
251.557 -2.37153e-09
26058.2 2.01609e-15
9565.96 -8.96344e-12
35650.3 -1.40181e-06
1234.86 4.72103e-05
31342.9 9.68365e-12
13769.5 3.90256e-08
39205.1 -2.56289e-08
2718.1 -4.05278e-06
21319.2 8.36634e-06
6514.45 -3.13508e-08
37654 -6.84868e-06
4856.86 -2.80363e-13
29020.7 1.38939e-06
16629 -1.05598e-05
39930.5 -9.8437e-06
78.8681 -5.44285e-06
25154.1 2.56878e-05
12069 -3.02117e-06
34793.5 1.4978e-06
676.423 -3.09282e-09
33736.1 4.28341e-09
14489.1 1.57932e-13
38654.4 -1.5192e-07
1750.62 2.0683e-09
22879.6 3.49518e-07
8415.14 9.18318e-07
38264.7 3.64889e-11
3882.58 -1.49007e-11
30069.5 -5.43343e-05
18121.8 4.51571e-05
40024 2.63857e-10
162.722 -4.71953e-06
27066.7 -7.61374e-06
9888.71 1.00518e-07
36475.1 -1.01668e-08
1505.22 -3.05032e-08
32106.6 -2.05557e-11
12648.6 -5.00174e-09
39630.7 1.83686e-06
3380.03 3.15297e-08
20127.5 -3.2306e-09
6841.49 5.29321e-10
37025.9 -2.78853e-06
5703.83 2.75806e-05
28455.6 -9.83035e-08
17187 1.7226e-06
39992.2 -5.70457e-05
62.8866 -1.36469e-06
24483.7 9.93587e-07
11554.1 -1.02548e-07
35291.2 5.13925e-12
514.472 -5.56592e-05
32795.3 4.85513e-07
15705.4 -6.79548e-05
39094.5 5.09539e-05
2208.99 6.10378e-06
23375.7 -4.24204e-05
7860.17 2.38155e-08
37857.6 -4.4147e-11
4416.3 1.92867e-05
30660.6 -1.16015e-08
19499.8 -3.9941e-09
39786.7 -1.02003e-10
320.633 1.47038e-08
26475.7 1.66677e-10
9512.52 -2.43765e-10
35921 3.56739e-05
1109.66 -1.43895e-05
31651.5 9.16239e-10
14008.4 4.4177e-07
39308.9 5.60955e-11
3040.7 6.00755e-10
22132.2 -3.0149e-07
6013.78 -9.79017e-09
37533.9 -3.24681e-10
5400.79 1.06638e-05
28682.7 5.25426e-06
16505.4 1.66039e-05
39882.3 -2.69066e-07
208.158 -7.02491e-05
25818.3 1.97063e-07
10878.1 3.58395e-05
34230.8 1.01611e-07
808.735 1.12797e-07
33827.3 1.19416e-07
14912.5 7.74678e-06
38853.1 1.39861e-10
1933.13 -2.72914e-11
22007.3 -7.5429e-06
8672.02 1.53312e-07
38186.5 1.40886e-11
4107.56 8.06584e-06
29851.5 4.17296e-08
19939.1 -4.16321e-08
40061.7 -7.15441e-09
124.791 -1.8241e-08
27418 -2.14847e-09
9997.1 9.0757e-10
36221 3.5419e-06
1049.58 -2.43446e-11
32698.4 -1.5553e-09
13412.9 -8.68928e-10
39690.8 -7.17875e-11
2624.63 2.74525e-07
20943.1 2.60852e-12
7031.24 3.95875e-09
36755.8 -7.23421e-10
4938.92 1.08545e-11
27824.5 -6.81292e-06
17996.8 4.73447e-06
40040.1 2.48162e-08
387.49 2.59547e-10
25335.9 3.18905e-10
12415.9 3.59161e-06
35372.1 3.92586e-05
192.2 -6.94582e-11
33130.5 3.08362e-07
15950.8 -1.31581e-07
38722.3 -1.76568e-09
2412.56 -3.11938e-07
23931.3 6.25632e-08
8161.13 -3.11007e-06
37914.2 6.35642e-10
3449.88 -6.09058e-09
30925.2 -6.69438e-11
18684.8 -1.82791e-11
39904.1 -1.77119e-10
879.446 -3.1845e-09
26712.9 -2.77743e-05
9299.83 5.52536e-07
35805.9 -1.53483e-05
1458.33 1.88524e-08
31854.9 1.07022e-06
12765.5 -2.00354e-06
39240.5 -3.59455e-06
2845.11 -1.68004e-08
21005.8 -1.32323e-09
7465.62 -3.10514e-09
38416.3 -4.6399e-06
5880.1 1.73015e-05
29466.4 -2.18827e-05
17124.9 -7.4246e-07
40053.6 -4.40252e-06
86.8799 2.2436e-07
24667.1 1.57523e-07
11102 1.0954e-07
34622.9 4.16993e-06
542.189 3.30762e-05
33644.4 9.0083e-06
15399.5 -1.45694e-09
39169 -1.10375e-07
1650.29 3.46793e-12
22568.6 -2.03198e-10
6422.21 -1.05897e-08
37285.3 -6.77961e-07
3208.29 -1.73753e-10
30177.9 2.31904e-07
19123.5 8.78756e-05
39466.7 -1.21248e-05
270.307 1.79393e-05
27242.6 5.31588e-05
10600.2 -1.18081e-06
35996.9 5.20787e-05
1192.38 -1.79266e-05
32256.2 -5.85225e-07
14248.3 7.03429e-08
39735.4 8.4269e-09
3591.53 -1.10763e-10
20378.5 7.05069e-06
8827.5 -3.08321e-13
38316 8.57831e-05
5358.07 -3.45731e-05
28055.1 8.42517e-06
17684.9 -1.90979e-06
40071.1 2.47621e-11
95.105 1.92548e-08
24971.8 -1.53808e-09
11782.1 4.29933e-12
34877.9 1.7817e-10
614.846 1.4002e-05
34008 2.21988e-07
13235.5 3.61092e-07
38936.5 -6.55417e-06
2041.35 -2.5522e-11
21882.3 1.77118e-06
6607.24 1.77474e-06
37189.3 -5.47884e-08
4574.38 -2.1999e-10
31187.1 -1.07632e-12
18998.1 3.40326e-06
39565.7 4.26523e-09
136.57 2.6602e-05
26831.1 -2.45513e-08
9141.41 -1.09423e-11
36581.6 1.76816e-06
1552.85 4.79459e-08
32891.7 -1.95847e-11
16073.8 4.9345e-07
39958.7 1.24815e-05
2593.82 3.97735e-08
20755 7.05232e-12
7760.8 -1.16085e-07
37713.1 8.08971e-07
5486.66 5.20099e-09
28341.6 5.06782e-06
16814.8 7.60782e-06
40083.2 3.60138e-10
364.423 -3.9023e-08
24299.9 3.72401e-09
9726.88 4.7345e-07
35045 -5.02905e-05
934.463 3.56727e-05
31549 3.50273e-09
13650.4 -2.62906e-07
39405.9 -5.06931e-05
2974.83 -7.73777e-10
23189.9 -8.11459e-06
8364.11 -2.52268e-11
36925.8 -1.91407e-09
4338.19 1.71481e-06
29632 5.60529e-07
17373.5 9.50345e-07
39667.3 -2.0111e-10
487.527 -1.52603e-12
26237.5 3.08746e-08
11440.6 -4.30715e-11
34318.9 1.27952e-08
724.612 1.62211e-07
33366.1 -3.03414e-06
14791.3 -1.06826e-08
40011.6 -7.0865e-09
1853.84 9.53772e-09
21507 -1.71456e-08
6239.32 -2.96357e-05
38106.7 -1.28976e-11
3845.64 6.10494e-10
29132.7 -7.70711e-07
19625.3 2.70847e-06
38561.4 -5.61338e-05
113.924 1.10262e-09
25698.1 -1.78854e-05
7174.9 -5.52721e-07
36330.8 5.34727e-06
1278.08 -1.22382e-09
32503.1 -1.78066e-08
18309.3 -5.96483e-12
38997.2 1.04921e-11
224.919 -2.8354e-05
23561.2 -9.31117e-05
12242.1 -6.6774e-05
37442 -1.17646e-06
4694.54 1.08992e-06
30447.1 1.39028e-09
15155.6 -8.25944e-10
39850.3 -7.75421e-07
2295.19 1.47965e-06
35532 -1.07358e-08
10215.1 -1.98898e-05
