13 1000 10 0
9997.1 8.09725e-17
10051.4 3.63039e-16
9942.85 -1.48072e-12
10105.9 -9.40197e-14
9888.71 -4.31056e-14
10160.4 5.45809e-14
9834.66 -4.6357e-13
10215.1 -7.04171e-13
9780.72 3.00118e-13
10269.8 4.21973e-15
9726.88 4.14729e-14
10324.6 1.84313e-13
9673.13 6.11919e-14
9619.49 -2.63849e-14
10379.5 5.33548e-14
9565.96 1.39747e-14
10434.6 1.98902e-15
9512.52 8.44321e-15
9459.19 1.01968e-13
10489.7 -7.46292e-15
9405.97 -1.29661e-14
9352.84 5.1001e-15
10544.9 3.9152e-15
9299.83 -1.43477e-13
9246.92 -7.27567e-15
9194.11 1.80339e-14
9141.41 7.1442e-14
10600.2 -1.08409e-14
9088.82 1.31302e-14
9036.34 -5.28444e-14
8983.97 -2.1612e-14
8931.7 -1.15061e-14
8879.54 -5.77054e-14
8827.5 2.99096e-14
8775.56 -2.13562e-16
8723.74 -3.98848e-15
8672.02 -1.92919e-14
8620.42 -8.44174e-15
8568.93 2.21631e-16
8517.56 6.31298e-14
8466.29 7.73607e-16
8415.14 -4.71977e-15
8364.11 -8.84593e-17
8313.19 -6.77402e-14
8262.39 -1.72769e-17
8211.7 -1.03753e-14
8161.13 1.57276e-16
8110.67 -9.66991e-16
8060.33 1.09498e-14
8010.11 -1.0323e-13
7960.01 3.56831e-14
7910.03 7.08102e-15
7860.17 1.20083e-14
7810.42 -1.69726e-13
7760.8 4.06647e-15
7711.3 1.86421e-15
7661.92 5.23406e-13
10655.6 -1.08251e-14
10711.1 -8.43369e-15
10766.7 -1.34219e-16
10822.3 -3.23396e-16
7612.66 -2.97992e-15
7563.53 4.82348e-16
7514.51 7.41104e-15
7465.62 -1.12251e-16
7416.86 7.41985e-14
7368.22 -3.29302e-16
7319.7 1.47938e-14
7271.31 3.6315e-15
7223.04 2.35781e-14
7174.9 4.64643e-16
7126.89 -1.26443e-15
7079 8.41569e-14
7031.24 2.09653e-14
6983.61 3.74974e-15
6936.11 1.47972e-15
6888.74 -4.16293e-14
6841.5 -1.69217e-16
6794.38 -3.13993e-15
6747.4 2.76353e-15
6700.55 -1.15676e-15
6653.83 6.35898e-14
6607.24 1.12307e-15
6560.78 -9.58617e-15
6514.45 5.41781e-16
6468.26 -5.45597e-14
6422.21 -4.27744e-14
6376.28 -3.13855e-14
6330.49 -9.00008e-13
6284.84 -1.49817e-14
6239.32 3.22272e-14
6193.94 -8.27775e-16
6148.69 3.16044e-15
6103.58 1.225e-16
6058.61 1.12184e-15
6013.78 4.10339e-14
5969.08 6.20901e-15
5924.52 -7.931e-15
5880.1 3.19647e-15
5835.82 5.30319e-17
5791.69 1.45977e-13
5747.69 1.23501e-14
5703.83 1.58021e-14
5660.11 -1.99775e-16
5616.53 5.09878e-13
5573.1 6.48141e-15
5529.81 -5.92785e-15
5486.66 -1.07971e-14
5443.65 -9.22229e-15
5400.79 5.2251e-15
5358.07 1.35722e-15
5315.5 -1.17113e-14
5273.07 2.00842e-14
5230.79 7.58666e-15
5188.65 2.1216e-14
5146.66 1.06802e-14
5104.82 1.70511e-16
5063.12 -5.6641e-15
5021.57 -1.20198e-15
4980.17 1.01603e-16
4938.92 6.08004e-15
4897.81 1.24894e-16
4856.86 2.49624e-15
4816.05 -8.02848e-15
4775.39 -3.45772e-15
4734.89 8.47413e-15
4694.53 2.70065e-17
4654.33 -1.92037e-16
4614.28 4.84813e-13
4574.38 3.73172e-15
4534.63 2.65047e-15
4495.03 -6.51096e-16
4455.59 -1.52446e-14
4416.3 5.4045e-15
4377.17 2.4451e-15
4338.19 1.99392e-16
4299.36 2.42662e-15
4260.69 -8.19371e-15
4222.17 -1.43977e-15
4183.81 -2.45276e-15
4145.61 1.10728e-14
4107.56 -1.484e-14
4069.67 -7.55265e-16
4031.93 4.88452e-15
3994.36 2.70633e-15
3956.94 -1.61604e-14
3919.68 3.28014e-16
3882.58 7.00086e-16
3845.64 -3.51658e-15
3808.85 9.32755e-15
3772.23 3.55994e-17
3735.77 -1.0051e-15
3699.47 4.32562e-16
3663.33 8.24703e-16
3627.35 3.4789e-16
3591.53 5.66027e-15
3555.87 2.46745e-15
3520.38 7.71423e-16
3485.05 1.474e-15
3449.88 -3.01358e-15
3414.87 -3.81968e-15
3380.03 -9.40449e-17
3345.35 1.39995e-15
3310.84 -2.47248e-16
3276.49 9.05354e-15
3242.31 1.59942e-13
3208.29 -1.85667e-15
3174.44 7.82069e-15
3140.76 2.30635e-14
3107.24 -1.57764e-17
3073.88 -7.29217e-16
3040.7 7.71818e-16
3007.68 5.42593e-15
2974.83 -6.0639e-15
2942.15 4.48045e-15
2909.63 3.16592e-15
2877.29 3.04363e-14
2845.11 -1.37263e-16
2813.1 7.08541e-16
2781.27 -4.14172e-13
2749.6 7.01646e-15
2718.1 -3.34621e-14
2686.77 -2.53584e-15
2655.62 -1.12292e-15
2624.63 -1.68811e-15
2593.82 -1.19778e-15
2563.18 3.99835e-14
2532.71 -3.24282e-16
2502.41 3.44002e-15
2472.29 -1.56678e-14
2442.34 -7.46837e-15
2412.56 -2.64706e-15
2382.96 -2.59164e-16
2353.53 -2.54951e-16
2324.27 -8.81393e-15
2295.19 1.67208e-16
2266.28 -2.84088e-15
2237.55 1.46967e-15
2208.99 1.64057e-15
2180.61 1.21096e-15
2152.41 -4.01635e-16
2124.38 7.3084e-16
2096.53 4.09612e-16
2068.85 -6.08494e-15
2041.35 -1.33173e-15
2014.03 5.04561e-17
1986.89 -1.21552e-16
1959.92 6.40111e-16
1933.13 1.81019e-16
1906.52 -2.51724e-17
1880.09 -7.62902e-16
1853.84 -1.7931e-13
1827.76 2.11519e-16
1801.87 -4.36159e-16
1776.16 -4.52587e-14
1750.62 1.32437e-15
1725.27 -3.13047e-16
1700.09 7.797e-16
1675.1 2.87497e-17
1650.29 -1.25283e-16
1625.65 -1.32129e-15
1601.2 -1.1347e-15
1576.94 4.29007e-17
1552.85 1.53656e-15
1528.95 -1.39661e-16
1505.22 1.22136e-16
1481.68 1.30201e-15
1458.33 -6.21158e-17
1435.15 -3.12699e-16
1412.16 -1.18206e-16
1389.36 -8.84725e-16
1366.73 1.15039e-15
1344.29 -2.12796e-16
1322.04 2.24729e-15
1299.97 -6.5084e-17
1278.08 -1.03911e-15
1256.38 4.19319e-16
1234.86 -1.06983e-16
1213.53 -6.66164e-17
1192.39 -3.79728e-16
1171.43 2.35323e-16
1150.65 1.06456e-15
1130.06 3.67566e-16
1109.66 -4.4676e-16
1089.45 -8.27332e-16
1069.42 -3.24929e-16
1049.58 -2.65485e-16
1029.92 6.94155e-16
1010.46 -8.64218e-15
991.176 -1.57411e-16
972.084 -6.41239e-16
953.179 1.90819e-16
934.464 3.15443e-17
915.936 -5.86977e-14
897.597 4.32582e-16
879.446 -1.17651e-16
861.484 -3.74607e-16
843.712 -2.71693e-16
826.129 6.39721e-16
808.735 8.13366e-16
791.53 -1.29514e-16
774.516 -3.87849e-17
757.691 1.65559e-16
741.057 -1.83954e-15
724.612 1.80535e-18
708.359 -9.00378e-16
692.296 1.45813e-16
676.423 4.18276e-16
660.742 -1.05235e-15
645.252 8.89497e-17
629.953 5.10682e-16
614.846 -7.71531e-16
599.931 -1.24497e-15
585.207 4.83177e-15
570.675 1.05576e-16
556.335 -1.34167e-16
542.188 3.52088e-17
528.234 -7.9087e-16
514.472 2.70558e-15
500.903 -5.48888e-18
487.527 8.79829e-19
474.344 -3.32304e-16
461.354 9.32973e-17
448.559 -6.57363e-16
435.957 -3.21885e-16
423.549 2.20024e-16
411.334 1.07573e-16
399.315 3.77534e-18
387.49 3.30236e-15
375.859 4.88471e-16
364.423 5.09876e-18
353.183 -2.9804e-17
342.137 -3.36794e-15
331.287 -2.09923e-16
320.633 -1.97292e-16
310.174 -9.90503e-16
299.912 -9.12582e-16
289.847 3.65911e-14
279.978 2.76491e-19
270.307 -2.05073e-17
260.833 -6.07531e-19
251.557 1.12466e-16
242.479 1.3376e-17
233.599 -7.12665e-17
224.919 -4.44825e-17
216.438 8.44599e-17
208.158 -6.11613e-17
200.078 -1.29164e-17
192.2 5.12501e-16
184.523 4.07451e-16
177.052 -2.48836e-16
169.784 1.33974e-15
162.722 1.83719e-16
155.868 1.04281e-18
149.222 -9.2712e-17
142.789 -7.34439e-18
136.57 5.41617e-17
130.569 -4.11521e-16
124.791 -8.62969e-16
119.24 -6.39578e-16
113.925 5.21491e-17
108.85 -1.40487e-17
104.026 1.54301e-17
99.4501 1.62054e-16
95.1049 -3.22908e-16
90.9385 -5.60214e-16
86.8794 3.37376e-16
82.8666 -2.0214e-16
78.8682 1.43649e-17
74.8727 6.93531e-17
70.8779 1.28197e-17
66.8826 4.2597e-17
62.8864 2.06896e-17
58.8909 -8.88633e-18
54.8959 2.99931e-18
50.9008 -5.92366e-18
46.906 3.64167e-19
42.9109 -3.14251e-18
38.9157 -1.38423e-19
34.9211 -7.02457e-19
30.9261 -1.47787e-19
26.932 1.07412e-19
22.9375 1.23266e-19
18.9431 -1.08292e-20
14.9499 -6.20491e-21
10.9572 4.32021e-22
6.96572 0
2.97747 0
10878.1 -6.18588e-14
10933.9 -6.78058e-13
10989.9 -3.48606e-18
11045.9 -3.23432e-14
11102 -1.62871e-13
11158.2 -1.41445e-13
11214.5 1.56615e-13
11270.9 1.29368e-12
11327.4 -1.87444e-17
11383.9 -2.06762e-13
11440.6 -6.10252e-14
11497.3 1.71809e-13
11554.1 -2.12773e-17
11611 -4.03358e-13
11668 -1.24342e-12
11725 3.52165e-13
11782.1 1.0616e-14
11839.4 -1.12844e-12
11896.7 1.25776e-12
11954 -1.10999e-12
12011.5 7.10619e-13
12069 -3.55323e-13
12126.7 -3.19095e-13
12184.4 1.74847e-17
12242.1 3.18126e-13
12300 5.66494e-13
12357.9 -6.71404e-13
12415.9 3.73619e-13
12474 -7.96118e-13
12532.1 3.66828e-13
12590.3 -3.01291e-13
12648.6 8.72894e-17
12707 2.4387e-13
12765.5 2.03583e-13
12824 1.29428e-12
12882.6 -8.88156e-17
12941.2 -4.64969e-13
12999.9 5.82777e-13
13058.7 -1.2705e-12
13117.6 -3.13478e-13
13176.5 1.62762e-12
13235.5 -1.61179e-12
13294.6 2.92309e-13
13353.7 -1.9889e-13
13412.9 5.7994e-13
13472.2 -1.52589e-12
13531.5 1.42754e-16
13590.9 -1.21808e-17
13650.4 -1.33846e-12
13709.9 -3.06662e-13
13769.5 1.38698e-12
13829.1 -4.25007e-13
13888.8 -4.73059e-17
13948.6 1.10027e-13
14008.4 4.56602e-13
14068.3 -1.22928e-12
14128.2 1.36699e-12
14188.2 4.26952e-13
14248.3 -7.61864e-13
14308.4 -4.19537e-17
14368.5 -9.01277e-13
14428.8 1.9683e-13
14489.1 -4.92968e-14
14549.4 -8.54395e-13
14609.8 4.64464e-13
14670.2 9.53893e-13
14730.7 1.15949e-12
14791.3 1.32209e-12
14851.9 -3.24746e-13
14912.5 -1.19732e-16
14973.2 -5.82472e-13
15034 -1.63412e-12
15094.8 -1.12518e-12
15155.6 2.32404e-13
15216.5 3.74287e-13
15277.5 -8.4673e-13
15338.5 -8.58868e-17
15399.5 -2.75869e-15
15460.6 -7.82682e-13
15521.7 -1.05139e-12
15582.9 -1.30724e-13
15644.1 -2.10631e-13
15705.4 4.10423e-14
15766.7 -1.78039e-12
15828 2.26438e-17
15889.4 3.09891e-13
15950.8 5.20713e-14
16012.3 6.72349e-13
16073.8 -5.24899e-17
16135.3 -2.61662e-17
16196.9 1.94776e-13
16258.6 6.92209e-17
16320.2 6.64695e-14
16381.9 6.22533e-14
16443.6 -1.21176e-12
16505.4 -8.54016e-13
16567.2 -9.21151e-13
16629 1.05616e-13
16690.9 9.16073e-13
16752.8 1.88698e-12
16814.8 3.42246e-12
16876.7 5.56903e-13
16938.7 1.01142e-12
17000.7 -2.69003e-18
17062.8 7.32764e-14
17124.9 5.43162e-17
17187 -1.10743e-14
17249.2 1.75683e-13
17311.3 -4.56196e-13
17373.5 8.2089e-13
17435.7 -1.05457e-12
17498 -8.64731e-13
17560.3 1.71687e-12
17622.6 3.63846e-17
17684.9 1.02297e-13
17747.2 4.2989e-13
17809.6 -2.61387e-12
17872 -6.36916e-14
17934.4 1.52828e-12
17996.8 4.89874e-13
18059.3 2.95349e-13
18121.8 5.60696e-13
18184.3 3.13154e-12
18246.8 -2.6721e-13
18309.3 2.1632e-12
18371.8 -2.70855e-17
18434.4 -5.11775e-13
18497 -4.05862e-13
18559.6 1.31197e-12
18622.2 -2.58062e-13
18684.8 1.20788e-12
18747.4 5.5677e-13
18810.1 -2.76319e-17
18872.7 1.94984e-13
18935.4 -8.72456e-14
18998.1 2.30286e-12
19060.8 2.36576e-13
19123.5 -4.76266e-17
19186.2 -1.22914e-12
19248.9 -1.042e-12
19311.6 -1.06855e-13
19374.3 -1.46013e-13
19437.1 -1.05224e-12
19499.8 -4.65096e-14
19562.6 -4.22309e-14
19625.3 -2.17701e-12
19688.1 -9.06343e-18
19750.8 -6.00569e-14
19813.6 3.83021e-13
19876.4 -3.38902e-12
19939.1 -1.06283e-13
20001.9 -1.34539e-12
20064.7 2.99054e-12
20127.5 4.70783e-14
20190.2 -3.118e-13
20253 -1.20095e-12
20315.8 2.80123e-13
20378.5 -4.59527e-14
20441.3 -8.70074e-13
20504 1.24779e-13
20566.8 2.43391e-13
20629.5 -6.66041e-13
20692.3 9.72408e-14
20755 2.69764e-13
20817.7 4.8477e-13
20880.4 4.13225e-17
20943.1 3.65629e-14
21005.8 5.37349e-14
21068.5 -1.86452e-13
21131.2 1.83294e-12
21193.9 1.94305e-12
21256.5 2.12459e-13
21319.2 7.12734e-15
21381.8 -4.84231e-13
21444.4 -4.55884e-13
21507 9.74878e-13
21569.6 -1.18464e-12
21632.2 2.8904e-12
21694.8 3.24633e-12
21757.3 3.45936e-17
21819.8 -5.67941e-13
21882.3 3.73809e-13
21944.8 8.54352e-14
22007.3 -6.95889e-13
22069.8 6.80604e-13
22132.2 3.95285e-13
22194.6 -9.17575e-13
22257 -1.09279e-12
22319.4 -2.12401e-12
22381.7 1.62509e-13
22444 5.99476e-13
22506.3 8.23868e-13
22568.6 -1.05937e-13
22630.9 7.43657e-13
22693.1 -3.45609e-13
22755.3 -1.14243e-13
22817.4 3.51153e-14
22879.6 1.19595e-13
22941.7 7.97792e-13
23003.8 1.302e-15
23065.9 -7.88556e-13
23127.9 -1.29204e-12
23189.9 2.08177e-12
23251.8 9.39114e-13
23313.8 6.03557e-13
23375.7 1.4319e-12
23437.6 -4.59149e-13
23499.4 -2.41353e-12
23561.2 -7.74057e-13
23623 -3.43965e-13
23684.7 2.26083e-14
23746.4 2.3382e-12
23808 2.58245e-12
23869.7 4.4244e-17
23931.3 -5.44908e-13
23992.8 1.70774e-12
24054.3 -3.90861e-13
24115.8 1.50588e-12
24177.2 2.29886e-14
24238.6 4.95488e-13
24299.9 -4.77769e-13
24361.2 2.67116e-12
24422.5 1.41556e-14
24483.7 3.2394e-18
24544.9 7.34996e-14
24606 7.81481e-15
24667.1 -1.57181e-12
24728.1 1.4177e-12
24789.1 1.44636e-13
24850.1 -3.14987e-13
24911 -9.18454e-14
24971.8 6.23059e-13
25032.6 5.703e-18
25093.4 -2.70053e-13
25154.1 2.07032e-13
25214.7 7.36714e-14
25275.3 -2.44873e-12
25335.9 -1.03644e-13
25396.4 -2.97792e-13
25456.8 -2.79622e-13
25517.2 -6.82358e-13
25577.5 4.97612e-14
25637.8 1.32362e-13
25698.1 -2.4232e-12
25758.2 -6.46846e-13
25818.3 -9.02891e-14
25878.4 1.94094e-17
25938.4 2.42138e-14
25998.3 7.75376e-13
26058.2 5.08862e-15
26118 4.31003e-16
26177.8 4.6026e-13
26237.5 -8.72692e-14
26297.1 4.64831e-14
26356.7 -3.74983e-13
26416.2 7.40144e-13
26475.7 -1.49575e-12
26535.1 5.10607e-13
26594.4 1.87214e-14
26653.7 -4.33453e-13
26712.9 -1.56348e-12
26772 2.58627e-13
26831.1 1.61353e-13
26890.1 -4.1685e-13
26949 1.43346e-13
27007.9 7.95654e-13
27066.7 -1.6026e-12
27125.4 1.03144e-13
27184 -3.15953e-13
27242.6 -1.15973e-12
27301.1 5.61822e-14
27359.6 1.69091e-13
27418 4.78121e-14
27476.3 -4.27321e-13
27534.5 -9.8586e-13
27592.6 -5.04812e-15
27650.7 -1.71311e-12
27708.7 -4.73853e-13
27766.6 -1.84763e-13
27824.5 -8.16114e-14
27882.2 9.90193e-14
27939.9 -1.53517e-15
27997.6 5.51158e-13
28055.1 1.7829e-14
28112.6 3.05155e-13
28169.9 -1.96548e-13
28227.2 2.51116e-12
28284.5 2.0887e-12
28341.6 -1.09683e-12
28398.6 -3.04495e-13
28455.6 -2.13369e-13
28512.5 1.3059e-13
28569.3 -1.19151e-12
28626 -7.65319e-13
28682.7 5.06046e-13
28739.2 -1.03468e-12
28795.7 1.30548e-12
28852.1 -2.11462e-13
28908.4 -2.15823e-13
28964.6 -1.45291e-13
29020.7 5.8035e-13
29076.7 -1.53114e-12
29132.7 -2.14941e-13
29188.5 -1.76332e-13
29244.3 2.74475e-14
29299.9 2.26572e-13
29355.5 -1.21815e-12
29411 -2.81587e-14
29466.4 -4.87812e-13
29521.7 5.42093e-14
29576.9 -3.91541e-13
29632 6.28139e-14
29687.1 -7.1387e-13
29742 -7.92181e-13
29796.8 6.21501e-13
29851.5 1.80819e-13
29906.2 -8.84119e-13
29960.7 4.37775e-15
30015.2 -1.7742e-13
30069.5 4.43233e-14
30123.7 4.08018e-14
30177.9 -1.47513e-13
30231.9 -1.3403e-13
30285.9 -2.50046e-13
30339.7 -1.32509e-12
30393.5 4.93046e-13
30447.1 -2.3167e-14
30500.6 -4.88879e-13
30554.1 -5.15722e-13
30607.4 6.70598e-14
30660.6 1.19431e-12
30713.8 -5.27598e-14
30766.8 -1.14823e-13
30819.7 -2.02618e-13
30872.5 -1.65341e-12
30925.2 -1.29474e-12
30977.8 -2.67266e-13
31030.3 -1.35735e-13
31082.6 3.90736e-13
31134.9 -6.64278e-14
31187.1 3.28909e-15
31239.1 4.97676e-13
31291 -8.20895e-13
31342.9 4.32885e-13
31394.6 -9.53547e-15
31446.2 -3.68555e-13
31497.7 -3.94226e-14
31549 1.17289e-13
31600.3 6.12912e-13
31651.5 3.26718e-14
31702.5 -1.58408e-13
31753.4 1.38199e-13
31804.2 -6.53142e-13
31854.9 -9.2348e-15
31905.5 -7.49751e-15
31955.9 6.30939e-13
32006.3 -4.68501e-14
32056.5 9.474e-14
32106.6 5.03908e-13
32156.6 -4.75176e-13
32206.4 -2.86998e-13
32256.2 -7.19114e-14
32305.8 -3.54186e-13
32355.3 -5.55671e-14
32404.7 1.72985e-12
32453.9 -1.22604e-13
32503.1 2.83008e-14
32552.1 -6.85537e-13
32601 -1.92131e-15
32649.7 -1.31761e-13
32698.4 -9.1607e-14
32746.9 -2.79209e-14
32795.3 -1.63347e-13
32843.6 5.70342e-14
32891.7 2.71624e-13
32939.7 6.58397e-13
32987.6 1.28998e-13
33035.4 -9.68189e-14
33083 -2.27606e-13
33130.5 -1.81819e-14
33177.9 -5.96578e-14
33225.1 1.18197e-14
33272.2 -1.15075e-13
33319.2 4.24247e-14
33366.1 2.25863e-13
33412.8 -4.19115e-13
33459.4 6.34627e-14
33505.8 3.34293e-13
33552.1 4.92304e-13
33598.3 -1.34922e-12
33644.4 1.25547e-14
33690.3 -6.65384e-14
33736.1 1.02705e-13
33781.8 1.1795e-14
33827.3 -7.2343e-14
33872.7 -5.60556e-14
33917.9 -2.7694e-14
33963 -3.28955e-15
34008 -3.21573e-13
34052.8 -1.22215e-13
34097.5 8.01276e-13
34142.1 7.047e-13
34186.5 -2.80458e-13
34230.8 2.53149e-13
34274.9 -1.80128e-13
34318.9 -7.68892e-14
34362.8 1.46096e-14
34406.5 1.1548e-13
34450.1 -1.2725e-13
34493.5 1.50188e-13
34536.8 -5.02099e-14
34579.9 5.26144e-14
34622.9 3.39201e-13
34665.8 -8.08085e-14
34708.5 5.98358e-14
34751.1 2.06091e-13
34793.5 4.62912e-15
34835.8 -9.59853e-14
34877.9 1.5762e-13
34919.9 6.12909e-15
34961.8 2.39364e-13
35003.5 -2.342e-14
35045 -4.79446e-15
35086.4 9.54971e-14
35127.7 8.55939e-14
35168.8 -3.04928e-14
35209.7 -2.89798e-13
35250.5 1.00602e-13
35291.2 -2.63182e-14
35331.7 3.63179e-13
35372.1 -9.16495e-14
35412.3 3.02492e-13
35452.3 -5.66681e-14
35492.2 5.07179e-15
35532 -1.89847e-13
35571.6 1.64464e-13
35611 2.97276e-14
35650.3 -1.51979e-13
35689.4 -1.41996e-13
35728.4 2.94125e-14
35767.2 -2.58626e-16
35805.9 1.48977e-14
35844.4 1.63983e-15
35882.8 4.42857e-14
35921 -4.13462e-14
35959 -3.43184e-16
35996.9 1.78562e-13
36034.7 2.93114e-13
36072.2 9.63323e-14
36109.7 8.26209e-15
36146.9 1.48126e-14
36184 7.28898e-14
36221 1.08016e-13
36257.7 2.54467e-14
36294.4 -3.10817e-14
36330.8 -1.81677e-13
36367.1 6.79427e-14
36403.3 -2.87118e-13
36439.3 1.65036e-15
36475.1 -1.40836e-13
36510.7 -3.37633e-14
36546.2 -1.56889e-14
36581.6 -4.31724e-13
36616.7 -8.57479e-16
36651.7 -1.74354e-14
36686.6 1.92188e-13
36721.2 4.32641e-14
36755.8 -5.35854e-15
36790.1 -5.49687e-14
36824.3 2.22713e-13
36858.3 -2.70832e-14
36892.2 2.13988e-14
36925.8 1.1769e-13
36959.4 -2.9169e-14
36992.7 1.39749e-14
37025.9 2.10852e-14
37058.9 2.86893e-14
37091.8 1.46095e-14
37124.5 -4.61583e-14
37157 5.72898e-15
37189.3 8.84395e-14
37221.5 8.85039e-14
37253.5 -3.54059e-14
37285.3 1.39925e-13
37317 -1.81577e-13
37348.5 3.72176e-14
37379.8 2.1234e-15
37411 1.15274e-13
37442 -1.46826e-13
37472.8 -1.76151e-13
37503.4 -3.00272e-14
37533.9 -7.92297e-14
37564.2 -7.35145e-14
37594.3 -1.36197e-15
37624.3 6.78551e-14
37654 -3.45402e-14
37683.6 5.51337e-15
37713.1 4.24229e-15
37742.3 1.12333e-13
37771.4 -6.69798e-15
37800.3 -1.00536e-13
37829.1 3.83878e-14
37857.6 -2.15891e-14
37886 -1.12945e-13
37914.2 3.14891e-15
37942.2 6.31385e-14
37970.1 -1.11748e-14
37997.8 -2.72866e-14
38025.2 -7.1604e-15
38052.6 -1.18109e-16
38079.7 6.45329e-14
38106.7 2.28137e-14
38133.5 9.72567e-14
38160.1 -2.57794e-14
38186.5 -4.78678e-14
38212.8 1.52296e-14
38238.8 -1.77157e-14
38264.7 2.8721e-14
38290.4 5.10434e-14
38316 1.71883e-14
38341.3 7.99483e-16
38366.5 -1.66491e-15
38391.5 4.56336e-15
38416.3 1.16821e-14
38440.9 -1.96399e-14
38465.4 -8.74038e-17
38489.7 3.65675e-14
38513.8 -1.73807e-15
38537.7 -1.31228e-14
38561.4 -4.80917e-14
38584.9 -3.56355e-14
38608.3 -2.80266e-15
38631.4 -3.56542e-14
38654.4 2.57722e-14
38677.2 -4.39918e-15
38699.9 1.71279e-14
38722.3 -1.96842e-16
38744.6 2.50626e-14
38766.6 2.21914e-14
38788.5 1.87453e-17
38810.2 -1.45018e-14
38831.7 -6.04077e-16
38853.1 -1.0061e-14
38874.2 -4.02031e-15
38895.2 1.40848e-13
38916 -1.08406e-15
38936.5 4.13207e-15
38956.9 -7.87584e-16
38977.2 9.8007e-15
38997.2 -9.5796e-16
39017 2.26816e-14
39036.7 -2.35011e-14
39056.1 -2.33206e-15
39075.4 -4.38569e-14
39094.5 2.54993e-15
39113.4 -4.07413e-14
39132.1 8.62707e-15
39150.7 4.38951e-14
39169 -2.89712e-15
39187.2 5.69942e-17
39205.1 1.85465e-15
39222.9 5.83798e-15
39240.5 -6.99924e-15
39257.9 5.52322e-14
39275.1 4.29665e-15
39292.1 1.40308e-15
39308.9 3.5753e-15
39325.6 5.06336e-15
39342 -4.04698e-15
39358.2 -3.31391e-15
39374.3 1.668e-14
39390.2 6.34923e-15
39405.9 -8.94306e-17
39421.4 7.60895e-15
39436.7 -8.93793e-16
39451.8 -4.60911e-15
39466.7 2.93582e-15
39481.4 -5.92207e-15
39495.9 -5.47522e-17
39510.3 -2.41928e-15
39524.4 -6.28107e-15
39538.4 -2.02566e-15
39552.1 -1.54979e-15
39565.7 1.22089e-15
39579.1 -2.08103e-15
39592.3 4.23696e-16
39605.3 -8.71856e-16
39618.1 8.1164e-15
39630.7 8.37339e-15
39643.1 4.51379e-15
39655.3 4.41483e-15
39667.3 9.93856e-18
39679.1 -2.91374e-17
39690.8 -7.09515e-17
39702.2 9.65609e-17
39713.5 1.51133e-15
39724.5 -6.12764e-16
39735.4 -1.57504e-15
39746 2.98494e-16
39756.5 1.59499e-17
39766.7 -3.07848e-16
39776.8 1.26103e-15
39786.7 -9.76205e-16
39796.4 -3.77066e-16
39805.8 1.28252e-15
39815.1 -1.54963e-15
39824.2 -1.41051e-16
39833.1 2.42608e-15
39841.8 -8.59085e-16
39850.3 4.57294e-16
39858.6 8.03791e-16
39866.7 4.32817e-16
39874.6 -3.25813e-16
39882.3 -1.40987e-15
39889.8 -2.33471e-16
39897.1 1.74637e-15
39904.1 -7.8323e-16
39911 2.88764e-16
39917.7 3.97705e-16
39924.2 1.38645e-15
39930.5 2.83745e-15
39936.5 1.65792e-15
39942.4 6.39334e-16
39948.1 -4.25842e-16
39953.5 1.06701e-15
39958.7 1.64982e-15
39963.7 -1.63604e-15
39968.5 1.90596e-16
39973.1 -1.32124e-16
39977.4 2.25713e-16
39981.5 5.36628e-16
39985.3 9.66346e-16
39988.9 -1.10584e-15
39992.2 3.85982e-16
39995.2 -1.13627e-16
39997.8 -3.3058e-18
40000.1 4.57379e-21
40002.4 -3.49388e-12
40005.1 -1.92704e-12
40008.2 -7.61408e-13
40011.6 -2.48241e-13
40015.4 -6.53878e-14
40019.5 -1.51164e-14
40024 -7.61977e-15
40028.9 -5.15733e-15
40034.2 -1.06122e-15
40040.1 -5.98696e-16
40046.5 -4.70002e-16
40053.6 1.26581e-16
40061.7 -1.43657e-17
40071.1 0
40083.2 0
