0 1000 10 0
9997.1 8.97765e-17 0 -0.0386851 -0.0387552 -0.0386147
10051.4 -1.5586e-17 0.01 -0.0386964 -0.0385558 -0.0388354
9942.85 1.4874e-12 0.02 -2.24635e-05 0.000397688 -0.000442606
10105.9 8.64177e-14 0.03 0.0386739 0.0389514 0.0383903
9888.71 -1.75386e-12 0.04 0.0387076 0.0383534 0.0390523
10160.4 -2.30172e-14 0.05 4.49363e-05 -0.000795335 0.000885178
9834.66 1.32521e-13 0.06 -0.0386626 -0.0391446 -0.038162
10215.1 2.72976e-14 0.07 -0.0387188 -0.038148 -0.0392653
9780.72 -9.76632e-14 0.08 -6.74323e-05 0.0011929 -0.00132769
10269.8 -8.63596e-15 0.09 0.0386514 0.0393347 0.03793
9726.88 2.40359e-13 0.1 0.03873 0.0379395 0.0394745
10324.6 -9.39326e-15 0.11 8.99655e-05 -0.00159033 0.0017701
9673.13 9.48445e-14 0.12 -0.0386401 -0.0395217 -0.0376943
9619.49 -6.89883e-14 0.13 -0.0387413 -0.0377281 -0.0396798
10379.5 8.62056e-14 0.14 -0.00011255 0.00198758 -0.00221239
9565.96 2.47947e-14 0.15 0.0386287 0.0397055 0.0374548
10434.6 5.82782e-14 0.16 0.0387526 0.0375137 0.0398813
9512.52 -2.67175e-14 0.17 0.000135199 -0.00238461 0.00265453
9459.19 4.59836e-14 0.18 -0.0386173 -0.0398861 -0.0372116
10489.7 8.02869e-15 0.19 -0.0387639 -0.0372964 -0.0400789
9405.97 4.45927e-14 0.2 -0.000157927 0.00278137 -0.00309649
9352.84 2.43408e-13 0.21 0.0386059 0.0400635 0.0369647
10544.9 -2.4365e-14 0.22 0.0387752 0.0370762 0.0402726
9299.83 2.12086e-14 0.23 0.000180748 -0.00317782 0.00353824
9246.92 -3.45014e-16 0.24 -0.0385944 -0.0402377 -0.0367141
9194.11 -2.61866e-14 0.25 -0.0387866 -0.0368531 -0.0404624
9141.41 2.86541e-15 0.26 -0.000203676 0.00357392 -0.00397975
10600.2 -1.93435e-14 0.27 0.0385828 0.0404087 0.0364599
9088.82 -9.61719e-15 0.28 0.038798 0.0366272 0.0406483
9036.34 1.23051e-13 0.29 0.000226724 -0.00396961 0.00442098
8983.97 -2.87117e-16 0.3 -0.0385712 -0.0405764 -0.036202
8931.7 1.74522e-14 0.31 -0.0388095 -0.0363985 -0.0408302
8879.55 -1.45561e-13 0.32 -0.000249907 0.00436485 -0.00486192
8827.5 -1.46801e-14 0.33 0.0385595 0.0407409 0.0359404
8775.56 -3.00877e-14 0.34 0.038821 0.0361669 0.0410081
8723.74 -4.29233e-16 0.35 0.000273239 -0.00475961 0.00530252
8672.02 3.7278e-14 0.36 -0.0385477 -0.0409021 -0.0356752
8620.42 1.17647e-15 0.37 -0.0388326 -0.0359326 -0.0411821
8568.93 -1.34299e-15 0.38 -0.000296733 0.00515382 -0.00574277
8517.56 -2.75991e-13 0.39 0.0385358 0.04106 0.0354064
8466.29 3.96717e-14 0.4 0.0388443 0.0356956 0.0413521
8415.14 1.13755e-14 0.41 0.000320403 -0.00554746 0.00618262
8364.11 -5.78372e-16 0.42 -0.0385238 -0.0412146 -0.035134
8313.19 9.21396e-15 0.43 -0.038856 -0.0354559 -0.041518
8262.39 -4.07291e-16 0.44 -0.000344264 0.00594047 -0.00662205
8211.7 -6.38931e-15 0.45 0.0385117 0.0413659 0.034858
8161.13 8.97664e-15 0.46 0.0388679 0.0352135 0.04168
8110.67 2.16092e-14 0.47 0.000368329 -0.00633281 0.00706103
8060.33 6.38758e-15 0.48 -0.0384995 -0.0415139 -0.0345784
8010.11 -1.68211e-13 0.49 -0.0388798 -0.0349685 -0.0418379
7960.01 -1.62301e-14 0.5 -0.000392612 0.00672444 -0.00749953
7910.03 -1.85731e-14 0.51 0.0384871 0.0416585 0.0342953
7860.17 -1.47003e-14 0.52 0.0388919 0.0347208 0.0419917
7810.43 2.0904e-15 0.53 0.000417127 -0.00711531 0.00793751
7760.8 -2.6532e-15 0.54 -0.0384746 -0.0417997 -0.0340086
7711.3 1.70007e-14 0.55 -0.0389041 -0.0344706 -0.0421414
7661.92 1.23518e-13 0.56 -0.000441888 0.00750539 -0.00837496
7612.66 1.42949e-14 0.57 0.038462 0.0419376 0.0337184
7563.53 -2.09175e-14 0.58 0.0389163 0.0342179 0.0422871
7514.51 5.95635e-15 0.59 0.000466909 -0.00789462 0.00881182
7465.62 -5.67666e-16 0.6 -0.0384493 -0.0420722 -0.0334246
7416.86 -5.31612e-14 0.61 -0.0389287 -0.0339626 -0.0424287
7368.22 5.08599e-15 0.62 -0.000492204 0.00828296 -0.00924809
7319.7 4.39129e-16 0.63 0.0384364 0.0422033 0.0331274
7271.31 -1.27683e-14 0.64 0.0389412 0.0337049 0.0425661
7223.04 -2.67353e-16 0.65 0.000517786 -0.00867038 0.00968371
7174.9 -3.30722e-16 0.66 -0.0384233 -0.0423311 -0.0328266
7126.89 7.93496e-16 0.67 -0.0389539 -0.0334448 -0.0426994
7079 -2.89209e-15 0.68 -0.00054367 0.00905683 -0.0101187
7031.24 -4.4291e-14 0.69 0.03841 0.0424554 0.0325224
6983.61 -6.91743e-15 0.7 0.0389667 0.0331823 0.0428285
6936.11 3.54227e-14 0.71 0.00056987 -0.00944226 0.0105529
6888.74 4.27656e-16 0.72 -0.0383966 -0.0425764 -0.0322147
6841.5 1.00419e-14 0.73 -0.0389796 -0.0329174 -0.0429534
6794.38 -1.96403e-14 0.74 -0.0005964 0.00982664 -0.0109864
6747.4 7.83878e-14 0.75 0.038383 0.042694 0.0319036
6700.55 3.03516e-13 0.76 0.0389927 0.0326501 0.0430741
6653.83 5.78326e-15 0.77 0.000623272 -0.0102099 0.0114192
6607.24 -4.4037e-16 0.78 -0.0383692 -0.0428081 -0.031589
6560.78 3.62391e-14 0.79 -0.039006 -0.0323806 -0.0431906
6514.46 1.68894e-14 0.8 -0.000650502 0.0105921 -0.0118512
6468.26 -1.72304e-15 0.81 0.0383553 0.0429189 0.031271
6422.21 2.81251e-16 0.82 0.0390194 0.0321088 0.0433029
6376.28 1.77979e-14 0.83 0.000678104 -0.010973 0.0122823
6330.49 5.82244e-16 0.84 -0.0383411 -0.0430262 -0.0309496
6284.84 1.52328e-15 0.85 -0.039033 -0.0318349 -0.0434109
6239.32 -1.93288e-15 0.86 -0.00070609 0.0113528 -0.0127126
6193.94 5.16896e-15 0.87 0.0383267 0.0431301 0.0306248
6148.69 1.81912e-14 0.88 0.0390468 0.0315587 0.0435147
6103.58 -3.00933e-15 0.89 0.000734476 -0.0117313 0.0131419
6058.61 -1.71932e-15 0.9 -0.038312 -0.0432306 -0.0302966
6013.78 -6.25902e-15 0.91 -0.0390607 -0.0312804 -0.0436141
5969.08 1.15214e-14 0.92 -0.000763274 0.0121085 -0.0135704
5924.52 7.7318e-15 0.93 0.0382972 0.0433276 0.029965
5880.1 3.41499e-14 0.94 0.0390749 0.031 0.0437092
5835.82 -5.52589e-14 0.95 0.0007925 -0.0124843 0.0139979
5791.68 1.36362e-14 0.96 -0.0382821 -0.0434213 -0.0296301
5747.68 -7.70241e-15 0.97 -0.0390892 -0.0307176 -0.0438
5703.83 -6.98464e-17 0.98 -0.000822166 0.0128588 -0.0144244
5660.11 -8.33566e-16 0.99 0.0382667 0.0435115 0.0292919
5616.53 -5.13329e-17 1 0.0391037 0.0304331 0.0438865
5573.1 6.32872e-15 1.01 0.000852287 -0.0132319 0.0148498
5529.81 -3.57059e-15 1.02 -0.0382511 -0.0435983 -0.0289503
5486.66 -2.33145e-14 1.03 -0.0391185 -0.0301467 -0.0439686
5443.65 2.5484e-14 1.04 -0.000882876 0.0136035 -0.0152742
5400.79 -2.03732e-15 1.05 0.0382353 0.0436816 0.0286054
5358.07 3.24494e-15 1.06 0.0391335 0.0298583 0.0440463
5315.5 5.07885e-15 1.07 0.000913948 -0.0139736 0.0156975
5273.07 2.80689e-16 1.08 -0.0382191 -0.0437616 -0.0282573
5230.79 3.85248e-14 1.09 -0.0391486 -0.029568 -0.0441195
5188.65 -3.80369e-16 1.1 -0.000945516 0.0143422 -0.0161196
5146.66 8.19015e-16 1.11 0.0382027 0.0438381 0.0279058
5104.82 7.39091e-14 1.12 0.039164 0.0292758 0.0441884
5063.12 -7.06721e-17 1.13 0.000977595 -0.0147092 0.0165406
5021.57 3.22958e-15 1.14 -0.038186 -0.0439113 -0.0275511
4980.17 1.46564e-14 1.15 -0.0391797 -0.0289819 -0.0442528
4938.92 -1.12214e-14 1.16 -0.0010102 0.0150746 -0.0169604
4897.81 1.7355e-14 1.17 0.0381691 0.043981 0.0271932
4856.86 -7.67435e-15 1.18 0.0391956 0.0286861 0.0443127
4816.05 -2.67947e-14 1.19 0.00104334 -0.0154384 0.0173789
4775.4 -3.18283e-16 1.2 -0.0381518 -0.0440473 -0.026832
4734.89 -8.58276e-13 1.21 -0.0392117 -0.0283887 -0.0443681
4694.53 7.88719e-16 1.22 -0.00107703 0.0158005 -0.0177962
4654.33 5.50971e-15 1.23 0.0381342 0.0441103 0.0264676
4614.28 3.34121e-15 1.24 0.039228 0.0280895 0.044419
4574.38 -1.75107e-15 1.25 0.00111129 -0.0161609 0.0182121
4534.63 -6.46387e-15 1.26 -0.0381163 -0.0441699 -0.0261
4495.03 -1.65598e-14 1.27 -0.0392447 -0.0277887 -0.0444654
4455.59 1.29229e-14 1.28 -0.00114613 0.0165196 -0.0186267
4416.3 1.42917e-16 1.29 0.038098 0.044226 0.0257292
4377.17 -9.36046e-16 1.3 0.0392615 0.0274863 0.0445072
4338.19 3.78182e-15 1.31 0.00118156 -0.0168765 0.0190398
4299.36 2.9592e-14 1.32 -0.0380794 -0.0442789 -0.0253553
4260.69 3.7292e-16 1.33 -0.0392787 -0.0271823 -0.0445445
4222.17 2.24432e-15 1.34 -0.0012176 0.0172316 -0.0194516
4183.81 2.36349e-14 1.35 0.0380605 0.0443283 0.0249782
4145.61 2.45854e-15 1.36 0.0392961 0.0268768 0.0445771
4107.56 1.18813e-14 1.37 0.00125426 -0.0175848 0.0198619
4069.67 6.36401e-16 1.38 -0.0380412 -0.0443745 -0.024598
4031.93 -2.64089e-14 1.39 -0.0393138 -0.0265699 -0.0446051
3994.36 7.34296e-15 1.4 -0.00129156 0.0179361 -0.0202707
3956.94 -8.0295e-15 1.41 0.0380216 0.0444173 0.0242146
3919.68 -1.44203e-16 1.42 0.0393318 0.0262615 0.0446285
3882.58 -5.47131e-16 1.43 0.0013295 -0.0182856 0.0206779
3845.64 -1.59101e-13 1.44 -0.0380016 -0.0444567 -0.0238282
3808.85 7.82563e-16 1.45 -0.03935 -0.0259517 -0.0446472
3772.23 -5.81598e-15 1.46 -0.00136811 0.0186331 -0.0210835
3735.77 -9.92672e-16 1.47 0.0379812 0.0444929 0.0234387
3699.47 1.23932e-14 1.48 0.0393686 0.0256406 0.0446612
3663.33 2.66534e-16 1.49 0.00140739 -0.0189786 0.0214876
3627.35 3.4804e-15 1.5 -0.0379604 -0.0445258 -0.0230461
3591.53 -1.93776e-13 1.51 -0.0393874 -0.0253281 -0.0446706
3555.87 -2.22461e-16 1.52 -0.00144737 0.0193222 -0.0218899
3520.38 -1.31136e-16 1.53 0.0379393 0.0445554 0.0226505
3485.05 9.2975e-15 1.54 0.0394065 0.0250144 0.0446752
3449.88 7.93335e-16 1.55 0.00148805 -0.0196637 0.0222906
3414.87 -2.14366e-14 1.56 -0.0379177 -0.0445817 -0.0222519
3380.03 -8.17239e-15 1.57 -0.039426 -0.0246995 -0.044675
3345.36 9.49131e-15 1.58 -0.00152945 0.0200031 -0.0226895
3310.84 1.94144e-14 1.59 0.0378957 0.0446047 0.0218502
3276.5 3.22059e-15 1.6 0.0394457 0.0243834 0.0446701
3242.31 -5.81548e-16 1.61 0.00157158 -0.0203405 0.0230866
3208.29 -1.43597e-16 1.62 -0.0378733 -0.0446246 -0.0214456
3174.44 1.32517e-14 1.63 -0.0394658 -0.0240662 -0.0446603
3140.76 1.17887e-16 1.64 -0.00161445 0.0206757 -0.0234818
3107.24 4.04996e-14 1.65 0.0378505 0.0446412 0.021038
3073.88 -2.89563e-15 1.66 0.0394862 0.023748 0.0446458
3040.7 -5.21153e-16 1.67 0.00165809 -0.0210088 0.0238752
3007.68 -5.04992e-15 1.68 -0.0378272 -0.0446546 -0.0206275
2974.83 1.48322e-14 1.69 -0.0395069 -0.0234287 -0.0446264
2942.15 1.62228e-18 1.7 -0.0017025 0.0213397 -0.0242667
2909.63 1.18042e-16 1.71 0.0378034 0.0446648 0.020214
2877.29 -1.90283e-14 1.72 0.039528 0.0231084 0.0446021
2845.11 8.94288e-16 1.73 0.00174769 -0.0216685 0.0246562
2813.1 1.42184e-14 1.74 -0.0377792 -0.0446719 -0.0197976
2781.27 8.72368e-15 1.75 -0.0395493 -0.0227871 -0.044573
2749.6 -1.67105e-13 1.76 -0.00179369 0.021995 -0.0250437
2718.1 -2.08781e-14 1.77 0.0377546 0.0446758 0.0193784
2686.78 8.32172e-16 1.78 0.039571 0.022465 0.0445389
2655.62 1.7114e-16 1.79 0.0018405 -0.0223192 0.0254292
2624.63 6.65798e-16 1.8 -0.0377294 -0.0446765 -0.0189563
2593.82 2.20269e-16 1.81 -0.0395931 -0.022142 -0.0444999
2563.18 -6.53017e-15 1.82 -0.00188815 0.0226412 -0.0258125
2532.71 1.65187e-15 1.83 0.0377038 0.0446742 0.0185313
2502.41 -1.17854e-16 1.84 0.0396155 0.0218182 0.0444559
2472.29 -9.18543e-16 1.85 0.00193663 -0.0229609 0.0261937
2442.34 5.3524e-15 1.86 -0.0376776 -0.0446688 -0.0181036
2412.56 -1.88194e-15 1.87 -0.0396382 -0.0214936 -0.044407
2382.96 -2.41607e-16 1.88 -0.00198597 0.0232783 -0.0265727
2353.53 8.21737e-17 1.89 0.037651 0.0446604 0.017673
2324.27 -1.67867e-15 1.9 0.0396613 0.0211683 0.0443531
2295.19 4.20592e-17 1.91 0.00203618 -0.0235933 0.0269495
2266.28 -1.79725e-16 1.92 -0.0376238 -0.0446488 -0.0172397
2237.55 1.08076e-15 1.93 -0.0396848 -0.0208423 -0.0442941
2208.99 -4.77416e-17 1.94 -0.00208727 0.023906 -0.027324
2180.61 -1.92554e-16 1.95 0.0375961 0.0446343 0.0168036
2152.41 9.7375e-16 1.96 0.0397086 0.0205157 0.0442301
2124.38 2.07144e-15 1.97 0.00213927 -0.0242163 0.0276962
2096.53 4.18965e-16 1.98 -0.0375679 -0.0446168 -0.0163649
2068.85 1.17949e-15 1.99 -0.0397328 -0.0201885 -0.044161
2041.35 4.13489e-16 2 -0.00219217 0.0245241 -0.028066
2014.03 -3.44283e-16 2.01 0.0375391 0.0445963 0.0159234
1986.89 -1.82484e-16 2.02 0.0397573 0.0198608 0.0440868
1959.92 2.16916e-16 2.03 0.00224599 -0.0248296 0.0284334
1933.13 -6.69342e-16 2.04 -0.0375098 -0.0445729 -0.0154793
1906.52 -5.76929e-17 2.05 -0.0397823 -0.0195326 -0.0440075
1880.09 -1.34695e-15 2.06 -0.00230076 0.0251326 -0.0287982
1853.84 2.82646e-17 2.07 0.0374799 0.0445465 0.0150325
1827.76 1.73028e-15 2.08 0.0398076 0.0192039 0.0439231
1801.87 -4.22558e-14 2.09 0.00235648 -0.0254331 0.0291606
1776.15 -1.33094e-16 2.1 -0.0374494 -0.0445173 -0.0145831
1750.62 5.0972e-15 2.11 -0.0398332 -0.0188748 -0.0438335
1725.27 -4.19123e-15 2.12 -0.00241316 0.0257312 -0.0295204
1700.09 -2.10368e-13 2.13 0.0374183 0.0444852 0.0141311
1675.1 7.48538e-17 2.14 0.0398593 0.0185454 0.0437386
1650.29 -1.17363e-15 2.15 0.00247083 -0.0260267 0.0298775
1625.65 -5.50599e-16 2.16 -0.0373866 -0.0444502 -0.0136766
1601.2 -2.18253e-15 2.17 -0.0398857 -0.0182156 -0.0436386
1576.94 4.58978e-16 2.18 -0.00252948 0.0263198 -0.030232
1552.85 -4.20287e-17 2.19 0.0373543 0.0444125 0.0132195
1528.94 1.40794e-17 2.2 0.0399126 0.0178856 0.0435334
1505.22 4.56588e-16 2.21 0.00258915 -0.0266103 0.0305837
1481.68 6.55747e-18 2.22 -0.0373214 -0.0443719 -0.0127599
1458.33 -1.6913e-17 2.23 -0.0399398 -0.0175553 -0.0434229
1435.15 -3.00326e-14 2.24 -0.00264983 0.0268982 -0.0309327
1412.16 -4.66082e-18 2.25 0.0372878 0.0443286 0.0122979
1389.35 -5.38615e-16 2.26 0.0399674 0.0172248 0.0433071
1366.73 -1.79318e-16 2.27 0.00271155 -0.0271836 0.0312788
1344.29 2.51146e-16 2.28 -0.0372536 -0.0442826 -0.0118334
1322.04 3.06763e-16 2.29 -0.0399954 -0.0168942 -0.043186
1299.97 6.58836e-17 2.3 -0.00277431 0.0274664 -0.031622
1278.08 -1.10461e-16 2.31 0.0372188 0.0442339 0.0113665
1256.38 5.12402e-16 2.32 0.0400238 0.0165635 0.0430596
1234.86 -7.98755e-17 2.33 0.00283814 -0.0277467 0.0319623
1213.53 -7.02324e-17 2.34 -0.0371833 -0.0441825 -0.0108973
1192.39 5.28461e-16 2.35 -0.0400525 -0.0162328 -0.0429278
1171.43 -1.79807e-17 2.36 -0.00290304 0.0280243 -0.0322996
1150.65 1.08189e-14 2.37 0.037147 0.0441285 0.0104257
1130.06 -7.25326e-15 2.38 0.0400817 0.015902 0.0427907
1109.66 4.61694e-17 2.39 0.00296902 -0.0282993 0.0326338
1089.45 1.27808e-15 2.4 -0.0371101 -0.0440719 -0.00995178
1069.42 -1.55782e-17 2.41 -0.0401113 -0.0155713 -0.0426482
1049.58 1.33576e-16 2.42 -0.00303611 0.0285717 -0.0329649
1029.92 1.12888e-16 2.43 0.0370725 0.0440127 0.0094756
1010.45 -3.07662e-15 2.44 0.0401413 0.0152407 0.0425002
991.175 3.2283e-16 2.45 0.00310432 -0.0288414 0.0332928
972.083 -3.15774e-16 2.46 -0.0370342 -0.043951 -0.00899718
953.178 2.0257e-16 2.47 -0.0401717 -0.0149101 -0.0423468
934.463 3.25132e-16 2.48 -0.00317365 0.0291085 -0.0336175
915.936 -4.12275e-16 2.49 0.0369952 0.0438868 0.00851655
897.597 2.08528e-15 2.5 0.0402025 0.0145797 0.042188
879.447 -7.06626e-16 2.51 0.00324412 -0.0293729 0.0339389
861.485 -5.87555e-18 2.52 -0.0369554 -0.0438201 -0.00803376
843.713 2.76178e-16 2.53 -0.0402337 -0.0142496 -0.0420237
826.13 -6.69757e-16 2.54 -0.00331575 0.0296347 -0.034257
808.735 3.20827e-17 2.55 0.0369149 0.0437509 0.00754884
791.53 7.75091e-16 2.56 0.0402653 0.0139196 0.0418538
774.516 -1.05344e-15 2.57 0.00338855 -0.0298938 0.0345716
757.691 7.52514e-16 2.58 -0.0368736 -0.0436794 -0.00706183
741.056 -9.03826e-17 2.59 -0.0402974 -0.01359 -0.0416785
724.613 -1.59463e-15 2.6 -0.00346253 0.0301502 -0.0348828
708.358 7.8138e-14 2.61 0.0368315 0.0436055 0.00657276
692.295 4.27251e-16 2.62 0.0403298 0.0132607 0.0414976
676.424 4.43976e-15 2.63 0.0035377 -0.0304039 0.0351905
660.742 5.31324e-14 2.64 -0.0367886 -0.0435292 -0.00608169
645.252 -3.97605e-16 2.65 -0.0403627 -0.0129317 -0.0413112
629.953 1.71538e-15 2.66 -0.00361408 0.0306549 -0.0354946
614.846 -5.22697e-16 2.67 0.036745 0.0434506 0.00558864
599.93 -2.4116e-17 2.68 0.0403959 0.0126032 0.0411191
585.206 -3.94448e-17 2.69 0.00369168 -0.0309032 0.035795
570.675 -8.9545e-14 2.7 -0.0367005 -0.0433698 -0.00509366
556.335 1.27594e-15 2.71 -0.0404296 -0.0122751 -0.0409215
542.188 -2.60855e-16 2.72 -0.00377052 0.0311488 -0.0360917
528.234 5.81358e-15 2.73 0.0366552 0.0432868 0.0045968
514.472 -4.47808e-17 2.74 0.0404636 0.0119475 0.0407182
500.903 1.43531e-15 2.75 0.00385061 -0.0313917 0.0363847
487.527 -5.55499e-18 2.76 -0.036609 -0.0432015 -0.00409809
474.345 3.51311e-16 2.77 -0.0404981 -0.0116205 -0.0405093
461.356 1.46896e-15 2.78 -0.00393195 0.0316319 -0.0366738
448.559 1.22012e-17 2.79 0.036562 0.0431141 0.00359759
435.957 7.74796e-16 2.8 0.040533 0.011294 0.0402948
423.549 -3.99194e-18 2.81 0.00401457 -0.0318694 0.036959
411.335 1.63806e-17 2.82 -0.0365141 -0.0430246 -0.00309533
399.315 -1.92791e-16 2.83 -0.0405683 -0.0109681 -0.0400745
387.49 -3.49154e-17 2.84 -0.00409847 0.0321041 -0.0372403
375.859 -5.0263e-17 2.85 0.0364654 0.042933 0.00259137
364.423 6.89391e-17 2.86 0.040604 0.0106429 0.0398486
353.182 -9.25113e-16 2.87 0.00418368 -0.0323361 0.0375175
342.137 1.40627e-16 2.88 -0.0364157 -0.0428393 -0.00208575
331.287 -1.0418e-15 2.89 -0.0406402 -0.0103184 -0.0396169
320.633 -3.33983e-17 2.9 -0.00427019 0.0325654 -0.0377907
310.175 1.37105e-16 2.91 0.0363651 0.0427436 0.00157851
299.913 2.3931e-15 2.92 0.0406767 0.00999454 0.0393795
289.847 -4.10159e-16 2.93 0.00435803 -0.032792 0.0380596
279.978 2.1692e-19 2.94 -0.0363136 -0.042646 -0.00106972
270.307 5.33424e-18 2.95 -0.0407136 -0.0096715 -0.0391364
260.833 -6.62153e-18 2.96 -0.00444721 0.0330158 -0.0383244
251.557 1.82572e-17 2.97 0.0362612 0.0425464 0.000559418
242.479 3.4132e-17 2.98 0.0407509 0.00934927 0.0388875
233.6 2.5358e-17 2.99 0.00453774 -0.0332369 0.0385848
224.919 2.00711e-17 3 -0.0362078 -0.0424449 -4.76573e-05
216.438 1.01843e-17 3.01 -0.0407886 -0.00902787 -0.0386328
208.158 -1.86888e-17 3.02 -0.00462964 0.0334553 -0.0388409
200.079 4.76994e-17 3.03 0.0361534 0.0423416 -0.000465509
192.2 2.49733e-16 3.04 0.0408268 0.00870736 0.0383723
184.525 1.80059e-16 3.05 0.00472291 -0.033671 0.0390926
177.052 -4.20326e-17 3.06 -0.0360981 -0.0422365 0.000980026
169.784 -7.36439e-17 3.07 -0.0408653 -0.00838776 -0.0381061
162.722 1.37495e-16 3.08 -0.00481756 0.033884 -0.0393398
155.868 2.17513e-16 3.09 0.0360417 0.0421296 -0.00149584
149.223 1.86177e-16 3.1 0.0409042 0.00806911 0.0378339
142.789 2.88434e-17 3.11 0.00491362 -0.0340942 0.0395824
136.57 6.85067e-16 3.12 -0.0359844 -0.0420209 0.00201289
130.569 1.54157e-15 3.13 -0.0409435 -0.00775146 -0.037556
124.791 -1.36942e-17 3.14 -0.0050111 0.0343017 -0.0398203
119.241 5.67966e-18 3.15 0.035926 0.0419106 -0.00253113
113.924 -3.30348e-16 3.16 0.0409832 0.00743482 0.0372722
108.851 -1.01028e-17 3.17 0.00510999 -0.0345066 0.0400535
104.027 -2.85388e-16 3.18 -0.0358666 -0.0417986 0.00305049
99.45 -3.32798e-16 3.19 -0.0410232 -0.00711925 -0.0369825
95.1043 2.01975e-16 3.2 -0.00521033 0.0347087 -0.040282
90.9393 -3.21805e-16 3.21 0.0358061 0.0416849 -0.00357092
86.8804 -1.84483e-16 3.22 0.0410637 0.00680478 0.036687
82.8665 1.64111e-16 3.23 0.00531211 -0.0349081 0.0405056
78.8681 -3.62618e-19 3.24 -0.0357445 -0.0415697 0.00409235
74.8721 -1.02445e-16 3.25 -0.0411045 -0.00649143 -0.0363856
70.8766 6.16835e-17 3.26 -0.00541536 0.0351048 -0.0407243
66.8821 6.11046e-19 3.27 0.0356818 0.041453 -0.00461472
62.8869 5.09936e-17 3.28 0.0411457 0.00617925 0.0360783
58.8916 -9.39269e-19 3.29 0.00552009 -0.0352989 0.040938
54.8964 -5.62397e-19 3.3 -0.035618 -0.0413348 0.00513798
50.9008 5.12482e-20 3.31 -0.0411872 -0.00586827 -0.035765
46.9058 -3.08366e-18 3.32 -0.00562629 0.0354903 -0.0411466
42.9109 2.1039e-18 3.33 0.0355531 0.0412151 -0.00566204
38.9157 5.11044e-20 3.34 0.0412291 0.00555852 0.0354459
34.9211 -4.79797e-19 3.35 0.005734 -0.035679 0.0413501
30.9265 -2.34285e-19 3.36 -0.035487 -0.041094 0.00618686
26.9321 -1.16365e-19 3.37 -0.0412714 -0.00525003 -0.0351209
22.9375 9.38829e-20 3.38 -0.00584322 0.035865 -0.0415483
18.9436 8.10154e-21 3.39 0.0354198 0.0409715 -0.00671235
14.9505 7.45367e-21 3.4 0.041314 0.00494284 0.0347899
10.9576 -1.06965e-22 3.41 0.00595396 -0.0360484 0.0417413
6.96646 0 3.42 -0.0353514 -0.0408477 0.00723846
2.97787 0 3.43 -0.041357 -0.00463698 -0.034453
10655.6 5.25537e-14 3.44 -0.00606623 0.0362291 -0.0419289
10711.1 -9.05628e-15 3.45 0.0352818 0.0407226 -0.00776511
10766.7 6.08217e-13 3.46 0.0414003 0.00433248 0.0341101
10822.3 2.95439e-13 3.47 0.00618005 -0.0364072 0.042111
10878.1 -6.87073e-13 3.48 -0.035211 -0.0405963 0.00829223
10933.9 -2.32092e-13 3.49 -0.0414439 -0.00402938 -0.0337614
10989.9 -6.77729e-13 3.5 -0.00629542 0.0365827 -0.0422876
11045.9 -5.80506e-14 3.51 0.0351389 0.0404687 -0.00881975
11102 -2.40015e-14 3.52 0.0414878 0.00372769 0.0334066
11158.2 4.11916e-18 3.53 0.00641236 -0.0367556 0.0424587
11214.5 -6.05055e-13 3.54 -0.0350656 -0.04034 0.0093476
11270.9 -5.98255e-15 3.55 -0.0415321 -0.00342747 -0.0330459
11327.4 -2.68894e-13 3.56 -0.00653088 0.0369259 -0.042624
11383.9 -1.35726e-13 3.57 0.0349911 0.0402102 -0.0098757
11440.6 -6.55631e-13 3.58 0.0415767 0.00312872 0.0326793
11497.3 -4.89404e-13 3.59 0.00665099 -0.0370935 0.0427836
11554.1 4.79953e-17 3.6 -0.0349152 -0.0400793 0.010404
11611 1.23924e-12 3.61 -0.0416216 -0.00283149 -0.0323067
11668 -5.79153e-14 3.62 -0.0067727 0.0372586 -0.0429374
11725 -5.42301e-17 3.63 0.034838 0.0399473 -0.0109323
11782.1 -3.80482e-15 3.64 0.0416668 0.00253581 0.0319282
11839.4 3.39719e-13 3.65 0.00689602 -0.0374212 0.0430853
11896.7 9.61117e-13 3.66 -0.0347595 -0.0398143 0.0114607
11954 -1.42474e-12 3.67 -0.0417122 -0.0022417 -0.0315437
12011.5 -4.24233e-13 3.68 -0.00702096 0.0375812 -0.0432272
12069 1.70874e-13 3.69 0.0346797 0.0396804 -0.011989
12126.7 3.60404e-17 3.7 0.041758 0.00194918 0.0311533
12184.4 -1.18652e-12 3.71 0.00714754 -0.0377386 0.0433631
12242.1 1.24809e-12 3.72 -0.0345985 -0.0395456 0.0125172
12300 -4.76238e-13 3.73 -0.041804 -0.0016583 -0.030757
12357.9 5.0926e-13 3.74 -0.00727576 0.0378935 -0.0434928
12415.9 -6.35145e-18 3.75 0.0345159 0.0394099 -0.0130452
12474 -1.95802e-13 3.76 0.0418502 0.00136908 0.0303547
12532.1 -6.08439e-13 3.77 0.00740563 -0.0380459 0.0436163
12590.3 -9.66276e-14 3.78 -0.0344319 -0.0392734 0.0135728
12648.6 1.90002e-17 3.79 -0.0418968 -0.00108153 -0.0299465
12707 4.1174e-13 3.8 -0.00753717 0.0381959 -0.0437335
12765.5 8.70663e-13 3.81 0.0343465 0.0391361 -0.0141
12824 3.70012e-13 3.82 0.0419435 0.000795702 0.0295324
12882.6 2.03613e-17 3.83 0.00767038 -0.0383433 0.0438443
12941.2 -6.56769e-13 3.84 -0.0342597 -0.038998 0.0146268
12999.9 1.4611e-17 3.85 -0.0419905 -0.000511608 -0.0291124
13058.7 1.22295e-13 3.86 -0.00780527 0.0384883 -0.0439486
13117.6 -9.2572e-13 3.87 0.0341713 0.0388592 -0.0151529
13176.5 7.17733e-13 3.88 0.0420377 0.000229276 0.0286864
13235.5 5.30413e-13 3.89 0.00794186 -0.0386308 0.0440465
13294.6 9.59528e-17 3.9 -0.0340815 -0.0387198 0.0156784
13353.7 5.59428e-14 3.91 -0.0420851 5.12671e-05 -0.0282546
13412.9 6.96723e-13 3.92 -0.00808015 0.0387709 -0.0441377
13472.2 -1.64899e-12 3.93 0.0339902 0.0385798 -0.0162031
13531.5 1.51179e-17 3.94 0.0421327 -0.000329997 0.027817
13590.9 -1.45563e-13 3.95 0.00822015 -0.0389086 0.0442222
13650.4 6.5287e-13 3.96 -0.0338974 -0.0384391 0.016727
13709.9 7.64796e-13 3.97 -0.0421805 0.000606889 -0.0273734
13769.5 3.34702e-13 3.98 -0.00836187 0.0390439 -0.0443
13829.1 6.66886e-13 3.99 0.033803 0.038298 -0.0172499
13888.8 3.30791e-13 4 0.0422285 -0.000881919 0.026924
13948.6 4.7075e-13 4.01 0.00850532 -0.0391768 0.0443709
14008.4 1.91671e-17 4.02 -0.033707 -0.0381563 0.0177717
14068.3 5.1085e-13 4.03 -0.0422766 0.00115506 -0.0264688
14128.2 -2.34305e-14 4.04 -0.00865051 0.0393073 -0.0444348
14188.2 -1.5114e-16 4.05 0.0336094 0.0380142 -0.0182924
14248.3 -6.89722e-13 4.06 0.0423248 -0.0014263 0.0260079
14308.4 -8.09694e-13 4.07 0.00879745 -0.0394355 0.0444918
14368.5 -7.00356e-14 4.08 -0.0335102 -0.0378717 0.0188119
14428.8 -1.35683e-12 4.09 -0.0423732 0.0016956 -0.0255411
14489.1 -1.63321e-12 4.1 -0.00894614 0.0395614 -0.0445417
14549.4 5.44208e-13 4.11 0.0334094 0.0377288 -0.01933
14609.8 1.52402e-13 4.12 0.0424217 -0.00196295 0.0250685
14670.2 5.29235e-13 4.13 0.0090966 -0.039685 0.0445844
14730.7 4.39484e-14 4.14 -0.0333069 -0.0375856 0.0198467
14791.3 9.52339e-13 4.15 -0.0424703 0.00222832 -0.0245903
14851.9 -3.38191e-17 4.16 -0.00924883 0.0398063 -0.0446198
14912.5 2.8972e-13 4.17 0.0332028 0.0374421 -0.0203617
14973.2 -6.92467e-18 4.18 0.042519 -0.00249169 0.0241063
15034 9.28281e-13 4.19 0.00940283 -0.0399253 0.0446479
15094.8 1.59674e-13 4.2 -0.0330969 -0.0372983 0.0208751
15155.6 5.8722e-13 4.21 -0.0425677 0.00275304 -0.0236166
15216.5 -3.99445e-13 4.22 -0.00955863 0.0400421 -0.0446686
15277.5 1.57293e-12 4.23 0.0329893 0.0371544 -0.0213868
15338.5 -1.25147e-12 4.24 0.0426165 -0.00301235 0.0231213
15399.5 -4.7862e-17 4.25 0.00971622 -0.0401567 0.0446818
15460.6 1.01603e-12 4.26 -0.03288 -0.0370103 0.0218965
15521.7 2.89829e-17 4.27 -0.0426654 0.0032696 -0.0226204
15582.9 5.78982e-13 4.28 -0.00987561 0.040269 -0.0446875
15644.1 -1.94107e-13 4.29 0.0327688 0.036866 -0.0224043
15705.4 -1.11373e-12 4.3 0.0427142 -0.00352477 0.0221139
15766.7 -1.06993e-13 4.31 0.0100368 -0.0403792 0.0446855
15828 3.95912e-13 4.32 -0.0326559 -0.0367217 0.0229099
15889.4 1.33683e-12 4.33 -0.0427631 0.00377784 -0.0216019
15950.8 1.69158e-14 4.34 -0.0101998 0.0404872 -0.0446757
16012.3 -7.83288e-18 4.35 0.0325411 0.0365774 -0.0234133
16073.8 -2.68356e-13 4.36 0.042812 -0.00402878 0.0210843
16135.3 -1.284e-13 4.37 0.0103647 -0.0405931 0.0446582
16196.9 -6.21462e-18 4.38 -0.0324245 -0.036433 0.0239144
16258.6 6.02488e-17 4.39 -0.0428608 0.00427759 -0.0205613
16320.2 1.62736e-12 4.4 -0.0105313 0.0406968 -0.0446328
16381.9 2.47581e-13 4.41 0.032306 0.0362887 -0.024413
16443.6 -8.61017e-13 4.42 0.0429095 -0.00452424 0.0200328
16505.4 5.85552e-13 4.43 0.0106998 -0.0407985 0.0445994
16567.2 1.69093e-12 4.44 -0.0321856 -0.0361445 0.024909
16629 -4.88611e-16 4.45 -0.0429582 0.00476872 -0.019499
16690.9 1.35515e-12 4.46 -0.0108701 0.0408981 -0.044558
16752.8 -6.58384e-13 4.47 0.0320633 0.0360004 -0.0254023
16814.8 7.01921e-13 4.48 0.0430068 -0.005011 0.0189598
16876.7 1.94015e-12 4.49 0.0110423 -0.0409956 0.0445085
16938.7 1.85024e-12 4.5 -0.031939 -0.0358564 0.0258928
17000.7 2.86373e-13 4.51 -0.0430553 0.00525107 -0.0184153
17062.8 -1.3624e-13 4.52 -0.0112163 0.0410911 -0.0444508
17124.9 -2.99278e-13 4.53 0.0318128 0.0357126 -0.0263803
17187 -2.1502e-12 4.54 0.0431037 -0.00548892 0.0178655
17249.2 1.17079e-12 4.55 0.0113922 -0.0411846 0.0443848
17311.3 7.01672e-14 4.56 -0.0316845 -0.0355691 0.0268648
17373.5 4.58697e-17 4.57 -0.0431518 0.00572451 -0.0173106
17435.7 6.64075e-13 4.58 -0.0115699 0.0412762 -0.0443105
17498 -1.09937e-13 4.59 0.0315543 0.0354259 -0.027346
17560.3 6.04908e-13 4.6 0.0431999 -0.00595785 0.0167506
17622.6 1.1273e-12 4.61 0.0117495 -0.0413657 0.0442278
17684.9 9.224e-13 4.62 -0.0314219 -0.035283 0.0278239
17747.2 3.51882e-12 4.63 -0.0432477 0.00618891 -0.0161854
17809.6 1.586e-12 4.64 -0.011931 0.0414533 -0.0441366
17872 -2.04601e-12 4.65 0.0312875 0.0351404 -0.0282984
17934.4 5.9648e-13 4.66 0.0432952 -0.00641768 0.0156153
17996.8 -1.02155e-12 4.67 0.0121143 -0.041539 0.0440368
18059.3 2.1487e-13 4.68 -0.031151 -0.0349983 0.0287692
18121.8 2.00158e-13 4.69 -0.0433426 0.00664415 -0.0150402
18184.3 1.02579e-12 4.7 -0.0122995 0.0416228 -0.0439284
18246.8 -9.9281e-13 4.71 0.0310123 0.0348565 -0.0292363
18309.3 1.72174e-13 4.72 0.0433896 -0.00686829 0.0144601
18371.8 1.99418e-12 4.73 0.0124866 -0.0417048 0.0438113
18434.4 -9.91221e-13 4.74 -0.0308715 -0.0347153 0.0296996
18497 -3.04794e-12 4.75 -0.0434364 0.00709009 -0.0138753
18559.6 1.2631e-12 4.76 -0.0126755 0.0417849 -0.0436855
18622.2 6.79136e-13 4.77 0.0307285 0.0345745 -0.0301588
18684.8 -3.68258e-13 4.78 0.0434828 -0.00730954 0.0132857
18747.4 3.23835e-13 4.79 0.0128663 -0.0418632 0.0435508
18810.1 -3.38849e-13 4.8 -0.0305833 -0.0344343 0.0306139
18872.7 1.53002e-12 4.81 -0.0435289 0.00752663 -0.0126914
18935.4 1.39772e-13 4.82 -0.013059 0.0419397 -0.0434072
18998.1 4.26946e-14 4.83 0.0304358 0.0342947 -0.0310647
19060.8 -1.61063e-12 4.84 0.0435746 -0.00774134 0.0120925
19123.5 4.62186e-13 4.85 0.0132536 -0.0420144 0.0432546
19186.2 3.09988e-13 4.86 -0.0302861 -0.0341558 0.0315111
19248.9 1.64655e-12 4.87 -0.0436199 0.00795366 -0.0114891
19311.6 -3.35724e-12 4.88 -0.01345 0.0420874 -0.043093
19374.3 6.2827e-13 4.89 0.030134 0.0340174 -0.0319528
19437.1 -1.16008e-13 4.9 0.0436648 -0.00816357 0.0108812
19499.8 -4.88803e-14 4.91 0.0136483 -0.0421586 0.0429223
19562.6 -2.82445e-12 4.92 -0.0299796 -0.0338798 0.0323899
19625.3 -2.97755e-18 4.93 -0.0437092 0.00837107 -0.0102689
19688.1 1.30573e-12 4.94 -0.0138485 0.0422282 -0.0427425
19750.8 -1.18212e-13 4.95 0.0298229 0.0337429 -0.0328221
19813.6 -1.73835e-14 4.96 0.0437531 -0.00857613 0.00965236
19876.4 -4.18469e-14 4.97 0.0140506 -0.042296 0.0425534
19939.1 -4.15753e-17 4.98 -0.0296638 -0.0336068 0.0332493
20001.9 -3.87775e-14 4.99 -0.0437965 0.00877876 -0.0090316
20064.7 -5.74889e-14 5 -0.0142545 0.0423623 -0.042355
20127.5 3.18431e-12 5.01 0.0295022 0.0334715 -0.0336714
20190.2 -2.11058e-17 5.02 0.0438394 -0.00897893 0.00840673
20253 6.09125e-13 5.03 0.0144603 -0.0424269 0.0421473
20315.8 -4.20421e-13 5.04 -0.0293382 -0.0333371 0.0340881
20378.5 -8.49623e-13 5.05 -0.0438816 0.00917663 -0.00777784
20441.3 8.80646e-14 5.06 -0.014668 0.0424899 -0.0419302
20504 -3.32748e-13 5.07 0.0291718 0.0332035 -0.0344994
20566.8 6.72867e-13 5.08 0.0439233 -0.00937186 0.00714503
20629.5 5.5527e-13 5.09 0.0148776 -0.0425513 0.0417037
20692.3 6.14762e-18 5.1 -0.0290028 -0.0330708 0.034905
20755 1.62481e-13 5.11 -0.0439643 0.0095646 -0.0065084
20817.7 2.49056e-12 5.12 -0.015089 0.0426112 -0.0414676
20880.4 -1.53687e-12 5.13 0.0288313 0.0329391 -0.0353049
20943.1 2.97462e-13 5.14 0.0440046 -0.00975485 0.00586805
21005.8 2.17216e-12 5.15 0.0153023 -0.0426695 0.0412219
21068.5 1.16922e-19 5.16 -0.0286572 -0.0328084 0.0356988
21131.2 9.33956e-14 5.17 -0.0440442 0.00994258 -0.00522409
21193.9 -4.35374e-13 5.18 -0.0155174 0.0427264 -0.0409667
21256.5 -1.5239e-13 5.19 0.0284806 0.0326787 -0.0360867
21319.2 -2.5836e-13 5.2 0.044083 -0.0101278 0.00457663
21381.8 -2.18604e-13 5.21 0.0157344 -0.0427817 0.0407018
21444.4 2.75625e-13 5.22 -0.0283013 -0.03255 0.0364683
21507 -4.50093e-13 5.23 -0.044121 0.0103105 -0.00392577
21569.6 -1.66148e-12 5.24 -0.0159532 0.0428356 -0.0404272
21632.2 -1.92972e-12 5.25 0.0281194 0.0324224 -0.0368435
21694.8 -3.43453e-13 5.26 0.0441583 -0.0104906 0.00327164
21757.3 -2.87527e-13 5.27 0.0161739 -0.0428881 0.0401429
21819.8 -2.63882e-12 5.28 -0.0279348 -0.032296 0.0372121
21882.3 1.33373e-12 5.29 -0.0441947 0.0106682 -0.00261435
21944.8 -1.16458e-13 5.3 -0.0163964 0.0429392 -0.0398487
22007.3 1.73707e-13 5.31 0.0277475 0.0321707 -0.037574
22069.8 -1.2011e-12 5.32 0.0442301 -0.0108433 0.00195402
22132.2 5.67546e-13 5.33 0.0166207 -0.0429889 0.0395447
22194.6 2.72758e-18 5.34 -0.0275574 -0.0320466 0.037929
22257 -2.2337e-12 5.35 -0.0442647 0.0110157 -0.00129078
22319.4 3.44492e-13 5.36 -0.0168468 0.0430372 -0.0392309
22381.7 -1.39945e-12 5.37 0.0273646 0.0319237 -0.038277
22444 1.164e-13 5.38 0.0442982 -0.0111856 0.000624757
22506.3 -9.82064e-13 5.39 0.0170747 -0.0430842 0.0389072
22568.6 -3.71868e-14 5.4 -0.0271689 -0.0318021 0.0386178
22630.9 6.74253e-13 5.41 -0.0443308 0.011353 4.3919e-05
22693.1 -2.25581e-12 5.42 -0.0173045 0.0431299 -0.0385735
22755.3 9.70574e-13 5.43 0.0269705 0.0316818 -0.0389511
22817.4 1.05125e-13 5.44 0.0443623 -0.0115177 -0.000715112
22879.6 -1.52223e-12 5.45 0.017536 -0.0431743 0.0382298
22941.7 5.02469e-13 5.46 -0.0267691 -0.0315628 0.039277
23003.8 -8.10646e-13 5.47 -0.0443927 0.0116798 0.00138868
23065.9 -1.27608e-12 5.48 -0.0177693 0.0432174 -0.0378762
23127.9 -1.50794e-13 5.49 0.0265649 0.0314451 -0.0395951
23189.9 2.9323e-14 5.5 0.0444219 -0.0118393 -0.00206449
23251.8 -2.10471e-12 5.51 0.0180043 -0.0432593 0.0375125
23313.8 -3.01168e-17 5.52 -0.0263577 -0.0313288 0.0399053
23375.7 -2.78833e-13 5.53 -0.04445 0.0119962 0.0027424
23437.6 -2.09775e-14 5.54 -0.0182411 0.0433 -0.0371388
23499.4 9.36148e-13 5.55 0.0261476 0.031214 -0.0402075
23561.2 -8.17353e-14 5.56 0.0444769 -0.0121504 -0.00342224
23623 2.50262e-12 5.57 0.0184797 -0.0433395 0.0367551
23684.7 3.29724e-14 5.58 -0.0259345 -0.0311005 0.0405014
23746.4 -9.29144e-13 5.59 -0.0445024 0.0123021 0.00410388
23808 9.66913e-13 5.6 -0.0187199 0.0433778 -0.0363612
23869.7 1.66186e-12 5.61 0.0257184 0.0309886 -0.0407869
23931.3 -1.24863e-12 5.62 0.0445267 -0.012451 -0.00478715
23992.8 -5.24049e-13 5.63 0.0189619 -0.0434149 0.0359573
24054.3 2.47555e-13 5.64 -0.0254992 -0.0308782 0.0410639
24115.8 -3.39319e-13 5.65 -0.0445496 0.0125974 0.0054719
24177.2 3.34627e-13 5.66 -0.0192055 0.043451 -0.0355433
24238.6 -3.59416e-14 5.67 0.025277 0.0307693 -0.0413322
24299.9 -1.5394e-14 5.68 0.0445711 -0.0127411 -0.00615797
24361.2 2.95072e-15 5.69 0.0194509 -0.0434859 0.0351191
24422.5 1.21673e-12 5.7 -0.0250516 -0.0306619 0.0415915
24483.7 -2.69374e-12 5.71 -0.0445912 0.0128821 0.00684518
24544.9 9.16199e-14 5.72 -0.0196979 0.0435197 -0.0346849
24606 -8.60578e-13 5.73 0.0248231 0.0305562 -0.0418418
24667.1 -9.85829e-13 5.74 0.0446097 -0.0130204 -0.00753337
24728.1 -2.7288e-13 5.75 0.0199465 -0.0435525 0.0342405
24789.1 1.4736e-12 5.76 -0.0245914 -0.0304521 0.0420828
24850.1 -4.98039e-14 5.77 -0.0446267 0.013156 0.00822236
24911 1.60444e-13 5.78 -0.0201968 0.0435842 -0.033786
24971.8 2.20265e-12 5.79 0.0243566 0.0303496 -0.0423144
25032.6 -3.74163e-13 5.8 0.0446421 -0.013289 -0.00891199
25093.4 -1.30283e-12 5.81 0.0204486 -0.043615 0.0333215
25154.1 9.28172e-13 5.82 -0.0241185 -0.0302488 0.0425364
25214.7 -9.78817e-13 5.83 -0.0446558 0.0134193 0.00960205
25275.3 -1.33351e-13 5.84 -0.0207021 0.0436447 -0.0328468
25335.9 -5.54233e-13 5.85 0.0238771 0.0301498 -0.0427486
25396.4 5.41979e-13 5.86 0.0446678 -0.0135468 -0.0102924
25456.8 1.49587e-12 5.87 0.0209571 -0.0436734 0.032362
25517.2 4.68111e-13 5.88 -0.0236325 -0.0300524 0.0429509
25577.5 1.30923e-12 5.89 -0.0446781 0.0136717 0.0109828
25637.8 -9.92396e-13 5.9 -0.0212136 0.0437012 -0.0318672
25698.1 -1.36325e-12 5.91 0.0233845 0.0299568 -0.043143
25758.2 6.86081e-13 5.92 0.0446866 -0.0137938 -0.0116731
25818.3 1.03713e-12 5.93 0.0214717 -0.0437281 0.0313624
25878.4 1.55324e-12 5.94 -0.0231332 -0.0298631 0.0433249
25938.4 5.84384e-15 5.95 -0.0446932 0.0139133 0.012363
25998.3 2.80463e-14 5.96 -0.0217312 0.043754 -0.0308475
26058.2 -1.48496e-13 5.97 0.0228785 0.0297711 -0.0434964
26118 -2.03185e-12 5.98 0.0446979 -0.0140299 -0.0130525
26177.8 5.68574e-13 5.99 0.0219922 -0.043779 0.0303226
26237.5 -6.46081e-13 6 -0.0226204 -0.029681 0.0436572
26297.1 4.3132e-13 6.01 -0.0447006 0.0141439 0.0137412
26356.7 -1.76552e-13 6.02 -0.0222546 0.0438032 -0.0297878
26416.2 -2.74289e-12 6.03 0.0223588 0.0295927 -0.0438072
26475.7 -8.47147e-13 6.04 0.0447012 -0.0142551 -0.014429
26535.1 2.19969e-14 6.05 0.0225185 -0.0438265 0.0292431
26594.4 5.06768e-13 6.06 -0.0220938 -0.0295064 0.0439463
26653.7 -3.76351e-13 6.07 -0.0446998 0.0143635 0.0151157
26712.9 -3.61702e-13 6.08 -0.0227837 0.043849 -0.0286885
26772 1.61041e-13 6.09 0.0218253 0.029422 -0.0440742
26831.1 -2.63622e-15 6.1 0.0446963 -0.0144692 -0.0158011
26890.1 8.03728e-13 6.11 0.0230503 -0.0438706 0.028124
26949 -4.41423e-13 6.12 -0.0215533 -0.0293395 0.0441908
27007.9 -6.5734e-13 6.13 -0.0446905 0.0145722 0.0164848
27066.7 -4.22812e-14 6.14 -0.0233182 0.0438914 -0.0275498
27125.4 -1.19473e-12 6.15 0.0212777 0.029259 -0.044296
27184 9.47396e-14 6.16 0.0446825 -0.0146723 -0.0171668
27242.6 3.75304e-13 6.17 0.0235873 -0.0439115 0.0269659
27301.1 3.54718e-13 6.18 -0.0209985 -0.0291805 0.0443895
27359.6 3.63013e-13 6.19 -0.0446721 0.0147697 0.0178468
27418 -6.06946e-13 6.2 -0.0238578 0.0439308 -0.0263723
27476.3 -7.4156e-13 6.21 0.0207157 0.029104 -0.0444712
27534.5 4.62957e-15 6.22 0.0446594 -0.0148643 -0.0185245
27592.6 9.66144e-13 6.23 0.0241294 -0.0439493 0.0257692
27650.7 -1.21615e-13 6.24 -0.0204293 -0.0290295 0.0445409
27708.7 2.17239e-13 6.25 -0.0446442 0.0149561 0.0191997
27766.6 -6.35173e-13 6.26 -0.0244022 0.0439671 -0.0251565
27824.5 3.09486e-14 6.27 0.0201393 0.0289571 -0.0445986
27882.2 1.22568e-12 6.28 0.0446265 -0.015045 -0.0198723
27939.9 1.58758e-14 6.29 0.0246762 -0.0439841 0.0245343
27997.6 -3.47687e-13 6.3 -0.0198455 -0.0288868 0.0446439
28055.1 1.62702e-12 6.31 -0.0446063 0.0151312 0.0205419
28112.6 8.87902e-13 6.32 -0.0249513 0.0440005 -0.0239028
28169.9 -8.14869e-13 6.33 0.0195481 0.0288187 -0.0446768
28227.2 6.3787e-13 6.34 0.0445834 -0.0152146 -0.0212083
28284.5 5.81767e-14 6.35 0.0252274 -0.0440161 0.0232621
28341.6 2.12617e-14 6.36 -0.0192469 -0.0287526 0.0446971
28398.6 -1.47895e-13 6.37 -0.0445578 0.0152951 0.0218712
28455.6 -1.00489e-13 6.38 -0.0255046 0.0440311 -0.0226121
28512.5 -9.16719e-13 6.39 0.0189419 0.0286887 -0.0447046
28569.3 1.14246e-13 6.4 0.0445294 -0.0153728 -0.0225305
28626 -1.08379e-13 6.41 0.0257828 -0.0440454 0.021953
28682.7 -6.16223e-13 6.42 -0.0186332 -0.028627 0.0446992
28739.2 9.13791e-13 6.43 -0.0444982 0.0154477 0.0231859
28795.7 -3.96262e-13 6.44 -0.0260619 0.0440591 -0.021285
28852.1 -3.55064e-13 6.45 0.0183206 0.0285675 -0.0446808
28908.4 5.4169e-13 6.46 0.0444641 -0.0155197 -0.023837
28964.6 -2.15489e-14 6.47 0.0263419 -0.0440721 0.0206081
29020.7 2.78168e-13 6.48 -0.0180043 -0.0285102 0.0446491
29076.7 -1.95445e-13 6.49 -0.044427 0.0155889 0.0244837
29132.7 9.16762e-13 6.5 -0.0266227 0.0440846 -0.0199224
29188.5 -9.6389e-13 6.51 0.017684 0.0284552 -0.0446041
29244.3 2.2356e-13 6.52 0.0443868 -0.0156551 -0.0251256
29299.9 -6.02268e-13 6.53 0.0269044 -0.0440964 0.0192281
29355.5 6.85151e-13 6.54 -0.0173599 -0.0284024 0.0445456
29411 6.62208e-15 6.55 -0.0443436 0.0157186 0.0257626
29466.4 9.37792e-14 6.56 -0.0271868 0.0441076 -0.0185252
29521.7 -5.87189e-13 6.57 0.0170319 0.0283519 -0.0444734
29576.9 -3.56792e-13 6.58 0.0442972 -0.0157791 -0.0263943
29632 -2.28e-13 6.59 0.0274699 -0.0441182 0.017814
29687.1 -1.04505e-12 6.6 -0.0167 -0.0283037 0.0443875
29742 -1.13517e-13 6.61 -0.0442475 0.0158368 0.0270205
29796.8 -4.7775e-14 6.62 -0.0277537 0.0441282 -0.0170945
29851.5 -7.07657e-13 6.63 0.0163641 0.0282578 -0.0442876
29906.2 -2.55223e-14 6.64 0.0441945 -0.0158915 -0.0276408
29960.7 -1.57095e-13 6.65 0.028038 -0.0441377 0.0163669
30015.2 -2.98519e-13 6.66 -0.0160243 -0.0282143 0.0441737
30069.5 -7.44165e-13 6.67 -0.0441381 0.0159434 0.0282551
30123.7 1.21159e-12 6.68 -0.0283229 0.0441466 -0.0156314
30177.9 -1.03422e-12 6.69 0.0156805 0.0281731 -0.0440456
30231.9 -6.99316e-13 6.7 0.0440782 -0.0159923 -0.0288631
30285.9 4.83245e-15 6.71 0.0286083 -0.0441549 0.014888
30339.7 -1.48188e-12 6.72 -0.0153328 -0.0281343 0.0439032
30393.5 -8.95998e-13 6.73 -0.0440148 0.0160383 0.0294643
30447.1 -3.96059e-13 6.74 -0.0288942 0.0441627 -0.014137
30500.6 -3.82818e-14 6.75 0.014981 0.0280979 -0.0437464
30554.1 3.99642e-13 6.76 0.0439478 -0.0160814 -0.0300586
30607.4 -4.87501e-13 6.77 0.0291804 -0.04417 0.0133786
30660.6 -8.94094e-13 6.78 -0.0146252 -0.0280639 0.043575
30713.8 2.73234e-13 6.79 -0.043877 0.0161215 0.0306457
30766.8 8.60917e-14 6.8 -0.0294669 0.0441768 -0.0126128
30819.7 2.62406e-13 6.81 0.0142653 0.0280323 -0.043389
30872.5 -1.4646e-13 6.82 0.0438025 -0.0161586 -0.0312253
30925.2 2.0106e-14 6.83 0.0297536 -0.044183 0.01184
30977.8 -2.25274e-14 6.84 -0.0139015 -0.0280032 0.0431882
31030.3 9.85294e-15 6.85 -0.0437241 0.0161929 0.0317971
31082.6 9.55527e-16 6.86 -0.0300405 0.0441887 -0.0110602
31134.9 -2.33048e-14 6.87 0.0135335 0.0279765 -0.0429725
31187.1 -4.09951e-14 6.88 0.0436419 -0.0162241 -0.0323607
31239.1 -9.56522e-13 6.89 0.0303276 -0.0441939 0.0102737
31291 2.3875e-13 6.9 -0.0131615 -0.0279523 0.0427419
31342.9 -4.08917e-13 6.91 -0.0435556 0.0162523 0.032916
31394.6 -9.48375e-13 6.92 -0.0306147 0.0441987 -0.00948066
31446.2 -9.22842e-14 6.93 0.0127854 0.0279306 -0.0424962
31497.7 1.90443e-13 6.94 0.0434652 -0.0162776 -0.0334625
31549 5.97034e-14 6.95 0.0309018 -0.0442029 0.00868133
31600.3 -9.78109e-14 6.96 -0.0124052 -0.0279114 0.0422354
31651.5 2.43709e-13 6.97 -0.0433706 0.0162998 0.034
31702.5 -5.00836e-15 6.98 -0.0311887 0.0442066 -0.00787589
31753.4 -8.74757e-13 6.99 0.0120209 0.0278947 -0.0419593
31804.2 7.87485e-15 7 0.0432719 -0.016319 -0.0345282
31854.9 3.31873e-16 7.01 0.0314756 -0.0442098 0.00706459
31905.5 2.95851e-13 7.02 -0.0116325 -0.0278806 0.0416678
31955.9 -3.26546e-14 7.03 -0.0431688 0.0163352 0.0350467
32006.3 -2.78853e-14 7.04 -0.0317621 0.0442125 -0.00624764
32056.5 1.5199e-12 7.05 0.01124 0.027869 -0.041361
32106.6 -1.61634e-14 7.06 0.0430612 -0.0163484 -0.0355553
32156.6 -1.03722e-13 7.07 0.0320484 -0.0442147 0.00542529
32206.4 -8.35434e-13 7.08 -0.0108434 -0.0278599 0.0410387
32256.2 2.10056e-13 7.09 -0.0429493 0.0163585 0.0360537
32305.8 -3.17017e-13 7.1 -0.0323343 0.0442165 -0.00459778
32355.3 7.40476e-13 7.11 0.0104426 0.0278535 -0.0407009
32404.7 1.11936e-13 7.12 0.0428327 -0.0163655 -0.0365415
32453.9 -3.92409e-14 7.13 0.0326197 -0.0442177 0.00376537
32503.1 6.43677e-14 7.14 -0.0100377 -0.0278496 0.0403475
32552.1 9.39209e-14 7.15 -0.0427115 0.0163694 0.0370184
32601 -4.99198e-13 7.16 -0.0329045 0.0442185 -0.00292831
32649.7 3.43996e-14 7.17 0.00962875 0.0278483 -0.0399785
32698.4 4.92589e-13 7.18 0.0425855 -0.0163703 -0.0374841
32746.9 8.17213e-14 7.19 0.0331887 -0.0442188 0.00208687
32795.3 2.65414e-14 7.2 -0.00921564 -0.0278496 0.0395937
32843.6 1.50786e-13 7.21 -0.0424548 0.016368 0.0379384
32891.7 -1.26429e-13 7.22 -0.0334722 0.0442185 -0.00124132
32939.7 -1.61839e-16 7.23 0.00879842 0.0278535 -0.0391933
32987.6 6.20162e-13 7.24 0.0423191 -0.0163627 -0.0383808
33035.4 -8.86718e-14 7.25 0.0337548 -0.0442178 0.00039195
33083 2.80236e-13 7.26 -0.00837708 -0.0278601 0.038777
33130.5 1.23693e-12 7.27 -0.0421785 0.0163542 0.0388111
33177.9 4.29135e-16 7.28 -0.0340366 0.0442166 0.000460956
33225.1 2.7145e-15 7.29 0.00795164 0.0278693 -0.038345
33272.2 -6.5186e-13 7.3 0.0420328 -0.0163425 -0.0392289
33319.2 -1.21425e-14 7.31 0.0343173 -0.0442149 -0.0013171
33366.1 -2.02223e-13 7.32 -0.00752211 -0.0278812 0.0378972
33412.8 -1.73249e-14 7.33 -0.0418819 0.0163278 0.039634
33459.4 -3.83749e-13 7.34 -0.034597 0.0442126 0.00217618
33505.8 -1.22513e-13 7.35 0.00708849 0.0278957 -0.0374336
33552.1 2.33085e-13 7.36 0.0417258 -0.0163098 -0.040026
33598.3 -1.17317e-13 7.37 0.0348755 -0.0442099 -0.00303789
33644.4 -1.35179e-14 7.38 -0.00665079 -0.0279128 0.0369542
33690.3 6.62478e-14 7.39 -0.0415644 0.0162886 0.0404046
33736.1 4.55962e-13 7.4 -0.0351527 0.0442066 0.0039019
33781.8 1.43649e-13 7.41 0.00620903 0.0279327 -0.036459
33827.3 -2.98298e-14 7.42 0.0413976 -0.0162643 -0.0407694
33872.7 6.39174e-14 7.43 0.0354285 -0.0442028 -0.00476789
33917.9 -6.55672e-14 7.44 -0.00576322 -0.0279552 0.035948
33963 -2.04621e-13 7.45 -0.0412253 0.0162367 0.0411203
34008 -2.6979e-14 7.46 -0.0357029 0.0441985 0.00563552
34052.8 3.43813e-13 7.47 0.00531339 0.0279804 -0.0354212
34097.5 1.41181e-13 7.48 0.0410475 -0.0162059 -0.0414568
34142.1 -1.09565e-13 7.49 0.0359757 -0.0441936 -0.00650446
34186.5 1.66447e-13 7.5 -0.00485954 -0.0280083 0.0348787
34230.8 4.73896e-14 7.51 -0.040864 0.0161718 0.0417786
34274.9 -6.16484e-13 7.52 -0.0362467 0.0441881 0.00737436
34318.9 4.84695e-13 7.53 0.00440171 0.0280389 -0.0343204
34362.8 -1.48803e-14 7.54 0.0406747 -0.0161345 -0.0420855
34406.5 -2.78926e-13 7.55 0.036516 -0.0441821 -0.00824486
34450.1 -5.59301e-14 7.56 -0.00393991 -0.0280722 0.0337466
34493.5 -9.07161e-14 7.57 -0.0404796 0.0160938 0.0423771
34536.8 7.30521e-14 7.58 -0.0367834 0.0441755 0.0091156
34579.9 -6.28583e-14 7.59 0.00347417 0.0281082 -0.0331571
34622.9 -1.24421e-13 7.6 0.0402786 -0.0160499 -0.0426532
34665.8 -1.74089e-14 7.61 0.0370488 -0.0441683 -0.00998621
34708.5 1.27951e-13 7.62 -0.00300451 -0.028147 0.0325521
34751.1 -4.33539e-13 7.63 -0.0400716 0.0160027 0.0429133
34793.5 -2.74799e-13 7.64 -0.037312 0.0441605 0.0108563
34835.8 3.22249e-14 7.65 0.00253098 0.0281884 -0.0319316
34877.9 3.12374e-15 7.66 0.0398585 -0.0159521 -0.0431573
34919.9 -7.74757e-15 7.67 0.037573 -0.0441521 -0.0117255
34961.8 -3.44568e-15 7.68 -0.00205359 -0.0282326 0.0312957
35003.5 3.26348e-15 7.69 -0.0396393 0.0158982 0.0433847
35045 4.6472e-14 7.7 -0.0378316 0.044143 0.0125935
35086.4 1.08915e-13 7.71 0.00157238 0.0282795 -0.0306446
35127.7 -2.38533e-14 7.72 0.0394138 -0.0158409 -0.0435954
35168.8 1.11379e-13 7.73 0.0380878 -0.0441333 -0.0134597
35209.7 -8.26316e-14 7.74 -0.0010874 -0.0283291 0.0299783
35250.5 1.05942e-14 7.75 -0.039182 0.0157803 0.0437889
35291.2 6.08191e-15 7.76 -0.0383413 0.0441229 0.0143239
35331.7 1.09443e-13 7.77 0.000598677 0.0283814 -0.029297
35372.1 -1.07723e-13 7.78 0.0389438 -0.0157162 -0.0439651
35412.3 4.76314e-13 7.79 0.0385921 -0.0441119 -0.0151855
35452.3 1.97566e-14 7.8 -0.000106256 -0.0284365 0.0286007
35492.2 -7.77862e-14 7.81 -0.0386991 0.0156487 0.0441236
35532 -4.56e-15 7.82 -0.0388401 0.0441001 0.0160443
35571.6 -9.34238e-14 7.83 -0.000389819 0.0284942 -0.0278896
35611 2.96885e-14 7.84 0.0384478 -0.0155777 -0.0442642
35650.3 -2.72906e-14 7.85 0.0390851 -0.0440876 -0.0168997
35689.4 2.94827e-15 7.86 0.0008895 -0.0285548 0.0271638
35728.4 -1.90812e-13 7.87 -0.0381898 0.0155033 0.0443865
35767.2 2.75623e-13 7.88 -0.0393269 0.0440743 0.0177513
35805.9 -4.3512e-14 7.89 -0.00139274 0.028618 -0.0264236
35844.4 2.4081e-14 7.9 0.0379251 -0.0154254 -0.0444904
35882.8 -2.43173e-13 7.91 0.0395656 -0.0440603 -0.0185987
35921 6.29056e-14 7.92 0.00189948 -0.0286839 0.025669
35959 1.97922e-14 7.93 -0.0376536 0.015344 0.0445754
35996.9 1.80221e-14 7.94 -0.0398008 0.0440455 0.0194414
36034.7 1.86693e-13 7.95 -0.00240966 0.0287526 -0.0249003
36072.2 1.21521e-14 7.96 0.0373752 -0.0152591 -0.0446414
36109.7 7.15126e-16 7.97 0.0400326 -0.0440299 -0.0202791
36146.9 4.21878e-14 7.98 0.00292324 -0.028824 0.0241176
36184 -2.31116e-14 7.99 -0.0370898 0.0151706 0.0446881
36221 1.2984e-16 8 -0.0402606 0.0440134 0.0211112
36257.7 -2.1156e-13 8.01 -0.00344015 0.0288981 -0.0233212
36294.4 -1.22794e-14 8.02 0.0367974 -0.0150786 -0.0447153
36330.8 -3.93008e-15 8.03 0.0404849 -0.0439961 -0.0219372
36367.1 -1.34126e-13 8.04 0.00396031 -0.0289749 0.0225112
36403.3 -2.08113e-15 8.05 -0.0364979 0.0149829 0.0447226
36439.3 -2.88323e-13 8.06 -0.0407053 0.0439778 0.0227568
36475.1 -8.40698e-15 8.07 -0.00448368 0.0290544 -0.021688
36510.7 4.35143e-13 8.08 0.0361911 -0.0148837 -0.0447099
36546.2 -3.19264e-14 8.09 0.0409216 -0.0439587 -0.0235693
36581.6 -1.20849e-14 8.1 0.00501016 -0.0291366 0.0208516
36616.7 -8.43282e-14 8.11 -0.0358771 0.0147808 0.0446769
36651.7 -6.10344e-14 8.12 -0.0411336 0.0439386 0.0243745
36686.6 1.67484e-14 8.13 -0.0055397 0.0292214 -0.0200024
36721.2 -3.72738e-15 8.14 0.0355557 -0.0146743 -0.0446234
36755.8 -2.8637e-15 8.15 0.0413413 -0.0439175 -0.0251717
36790.1 1.83273e-14 8.16 0.00607222 -0.029309 0.0191407
36824.3 -4.05628e-14 8.17 -0.0352269 0.0145641 0.0445492
36858.3 2.45363e-13 8.18 -0.0415445 0.0438954 0.0259605
36892.2 1.44119e-14 8.19 -0.00660762 0.0293992 -0.0182667
36925.8 2.52962e-15 8.2 0.0348906 -0.0144503 -0.0444541
36959.4 -1.06409e-15 8.21 0.041743 -0.0438723 -0.0267403
36992.7 5.72437e-14 8.22 0.00714584 -0.0294921 0.0173807
37025.9 1.50382e-14 8.23 -0.0345468 0.0143326 0.0443378
37058.9 -1.60661e-13 8.24 -0.0419366 0.0438481 0.0275108
37091.8 1.11587e-13 8.25 -0.00768677 0.0295876 -0.016483
37124.5 3.59965e-14 8.26 0.0341953 -0.0142113 -0.0442002
37157 -9.73281e-14 8.27 0.0421253 -0.0438227 -0.0282713
37189.3 -8.01586e-14 8.28 0.00823034 -0.0296857 0.0155739
37221.5 -1.54951e-14 8.29 -0.0338362 0.0140862 0.044041
37253.5 1.41301e-14 8.3 -0.0423089 0.0437963 0.0290214
37285.3 -1.2423e-13 8.31 -0.00877645 0.0297865 -0.0146538
37317 6.89093e-14 8.32 0.0334693 -0.0139573 -0.0438602
37348.5 6.85705e-16 8.33 0.0424871 -0.0437686 -0.0297606
37379.8 -3.79678e-14 8.34 0.009325 -0.0298899 0.013723
37411 -1.11057e-13 8.35 -0.0330946 0.0138246 0.0436575
37442 -5.08962e-14 8.36 -0.0426599 0.0437397 0.0304884
37472.8 1.22782e-14 8.37 -0.00987588 0.0299958 -0.0127818
37503.4 -1.45074e-14 8.38 0.032712 -0.0136881 -0.0434327
37533.9 1.14019e-14 8.39 0.0428271 -0.0437096 -0.0312042
37564.2 9.64732e-14 8.4 0.010429 -0.0301044 0.0118306
37594.3 -5.36458e-15 8.41 -0.0323215 0.0135477 0.0431858
37624.3 1.17243e-13 8.42 -0.0429884 0.0436782 0.0319075
37654 -2.81774e-15 8.43 -0.0109842 0.0302155 -0.0108698
37683.6 4.92974e-15 8.44 0.031923 -0.0134034 -0.0429167
37713.1 -3.59255e-14 8.45 0.0431439 -0.0436454 -0.0325978
37742.3 2.90956e-14 8.46 0.0115415 -0.0303292 0.00989978
37771.4 4.50005e-14 8.47 -0.0315164 0.0132552 0.042625
37800.3 -2.81108e-14 8.48 -0.0432931 0.0436113 0.0332747
37829.1 -1.91788e-15 8.49 -0.0121006 0.0304453 -0.00892096
37857.6 5.70453e-15 8.5 0.0311018 -0.0131031 -0.0423109
37886 1.59342e-14 8.51 0.0434362 -0.0435757 -0.0339374
37914.2 -1.01341e-15 8.52 0.0126615 -0.030564 0.00793375
37942.2 -2.30107e-16 8.53 -0.030679 0.012947 0.0419741
37970.1 4.08039e-14 8.54 -0.0435727 0.0435386 0.0345856
37997.8 2.56722e-15 8.55 -0.0132241 0.0306852 -0.00693859
38025.2 2.35294e-14 8.56 0.0302481 -0.012787 -0.0416146
38052.6 -3.69979e-14 8.57 0.0437026 -0.0435001 -0.0352187
38079.7 2.88069e-14 8.58 0.0137882 -0.0308088 0.00593592
38106.7 3.98827e-14 8.59 -0.0298089 0.0126229 0.0412323
38133.5 -7.97935e-14 8.6 -0.0438257 0.04346 0.0358362
38160.1 -4.58314e-14 8.61 -0.0143536 0.0309349 -0.00492621
38186.5 3.59904e-15 8.62 0.0293615 -0.0124549 -0.0408271
38212.8 2.66331e-14 8.63 0.0439418 -0.0434183 -0.0364376
38238.8 1.22158e-14 8.64 0.0149204 -0.0310634 0.00390992
38264.7 1.58835e-15 8.65 -0.0289058 0.0122827 0.040399
38290.4 1.26791e-14 8.66 -0.0440508 0.0433749 0.0370223
38316 6.85693e-15 8.67 -0.0154882 0.0311943 -0.00288755
38341.3 -7.06243e-17 8.68 0.0284417 -0.0121066 -0.039948
38366.5 9.01033e-15 8.69 0.0441524 -0.0433298 -0.0375897
38391.5 -3.56259e-14 8.7 0.016057 -0.0313276 0.00185961
38416.3 5.92747e-15 8.71 -0.0279693 0.0119263 0.0394741
38440.9 -1.58356e-13 8.72 -0.0442465 0.043283 0.0381395
38465.4 -4.02722e-15 8.73 -0.0166265 0.0314632 -0.000826596
38489.7 1.05787e-14 8.74 0.0274884 -0.0117419 -0.0389771
38513.8 -3.29007e-14 8.75 0.0443329 -0.0432343 -0.038671
38537.7 -1.63991e-15 8.76 0.0171968 -0.0316011 -0.000210952
38561.4 -6.22049e-14 8.77 -0.0269992 0.0115533 0.0384572
38584.9 2.97257e-14 8.78 -0.0444115 0.0431838 0.0391837
38608.3 4.03301e-15 8.79 -0.0177675 0.0317413 0.00125249
38631.4 3.93313e-14 8.8 0.0265015 -0.0113606 -0.0379144
38654.4 5.57214e-14 8.81 0.044482 -0.0431314 -0.0396772
38677.2 8.77585e-16 8.82 0.0183386 -0.0318837 -0.00229748
38699.9 3.4141e-14 8.83 -0.0259953 0.0111636 0.0373487
38722.3 -2.50152e-15 8.84 -0.0445442 0.043077 0.0401508
38744.6 -2.81253e-14 8.85 -0.0189099 0.0320284 0.00334533
38766.6 -5.19865e-15 8.86 0.0254807 -0.0109625 -0.0367602
38788.5 7.72603e-15 8.87 0.044598 -0.0430205 -0.0406041
38810.2 -3.1438e-15 8.88 0.0194811 -0.0321752 -0.00439547
38831.7 4.94749e-15 8.89 -0.0249576 0.0107571 0.0361489
38853.1 3.45379e-14 8.9 -0.0446432 0.042962 0.0410366
38874.2 3.72522e-15 8.91 -0.0200522 0.0323242 0.0054473
38895.2 1.71594e-15 8.92 0.024426 -0.0105475 -0.0355149
38916 -3.93313e-15 8.93 0.0446797 -0.0429013 -0.0414478
38936.5 -1.56357e-15 8.94 0.0206229 -0.0324753 -0.00650023
38956.9 1.01443e-14 8.95 -0.0238859 0.0103335 0.0348585
38977.2 2.38544e-15 8.96 -0.0447071 0.0428384 0.0418371
38997.2 -2.53284e-15 8.97 -0.0211931 0.0326284 0.00755362
39017 8.25889e-15 8.98 0.0233374 -0.0101153 -0.0341796
39036.7 -3.57898e-15 8.99 0.0447254 -0.0427733 -0.0422041
39056.1 1.164e-14 9 0.0217625 -0.0327837 -0.00860685
39075.4 -8.07335e-15 9.01 -0.0227803 0.00989273 0.0334784
39094.5 3.22694e-14 9.02 -0.0447344 0.0427058 0.0425483
39113.4 -1.37303e-15 9.03 -0.022331 0.0329409 0.00965927
39132.1 4.75841e-15 9.04 0.0222148 -0.0096658 -0.0327551
39150.7 2.65816e-15 9.05 0.0447338 -0.0426359 -0.0428692
39169 6.51011e-16 9.06 0.0228983 -0.0331 -0.0107102
39187.2 6.21645e-15 9.07 -0.0216408 0.00943449 0.0320099
39205.1 1.08111e-14 9.08 -0.0447235 0.0425636 0.0431664
39222.9 -2.84703e-16 9.09 -0.0234644 0.0332611 0.0117591
39240.5 -7.26063e-16 9.1 0.0210584 -0.00919878 -0.0312429
39257.9 1.53705e-14 9.11 0.0447033 -0.0424887 -0.0434393
39275.1 8.94955e-15 9.12 0.0240288 -0.033424 -0.0128051
39292.1 -8.32561e-16 9.13 -0.0204676 0.00895865 0.0304545
39308.9 -3.93558e-16 9.14 -0.044673 0.0424112 0.0436875
39325.6 8.03599e-16 9.15 -0.0245916 0.0335887 0.0138476
39342 -3.1639e-18 9.16 0.0198684 -0.00871408 -0.0296448
39358.2 -1.29522e-14 9.17 0.0446325 -0.0423311 -0.0439106
39374.3 4.00383e-15 9.18 0.0251523 -0.0337552 -0.0148859
39390.2 5.50464e-15 9.19 -0.0192609 0.00846505 0.0288141
39405.9 -1.32285e-15 9.2 -0.0445815 0.0422482 0.0441081
39421.4 1.43229e-14 9.21 -0.0257108 0.0339234 0.0159193
39436.7 -3.66445e-15 9.22 0.0186451 -0.00821154 -0.0279627
39451.8 -2.7132e-15 9.23 0.0445198 -0.0421625 -0.0442796
39466.7 1.46943e-15 9.24 0.026267 -0.0340933 -0.0169471
39481.4 1.06385e-14 9.25 -0.018021 0.00795352 0.0270909
39495.9 7.69594e-16 9.26 -0.0444474 0.042074 0.0444246
39510.3 -6.32985e-15 9.27 -0.0268204 0.0342648 0.0179685
39524.4 -9.28859e-15 9.28 0.0173887 -0.00769099 -0.026199
39538.4 5.55924e-16 9.29 0.0443639 -0.0419824 -0.0445429
39552.1 -4.98983e-15 9.3 0.027371 -0.0344378 -0.0189829
39565.7 1.56872e-14 9.31 -0.0167482 0.00742392 0.0252874
39579.1 2.56155e-16 9.32 -0.0442692 0.0418879 0.0446339
39592.3 -1.44854e-15 9.33 -0.0279184 0.0346123 0.0199893
39605.3 6.99046e-15 9.34 0.0160997 -0.00715229 -0.0243563
39618.1 -1.78082e-15 9.35 0.0441632 -0.0417902 -0.0446973
39630.7 -3.04394e-16 9.36 0.0284624 -0.0347883 -0.0209872
39643.1 3.76875e-15 9.37 -0.0154432 0.00687609 0.0234064
39655.3 -4.60455e-16 9.38 -0.0440457 0.0416894 0.0447328
39667.3 6.48681e-16 9.39 -0.0290028 0.0349657 0.0219756
39679.1 -4.07552e-16 9.4 0.0147787 -0.0065953 -0.0224378
39690.8 -3.17603e-16 9.41 0.0439164 -0.0415853 -0.0447399
39702.2 1.22603e-15 9.42 0.0295393 -0.0351443 -0.022954
39713.5 2.32439e-15 9.43 -0.0141064 0.00630991 0.0214511
39724.5 -5.92031e-16 9.44 -0.0437753 0.0414779 0.0447184
39735.4 -1.7923e-15 9.45 -0.0300716 0.0353243 0.0239214
39746 4.7931e-15 9.46 0.0134263 -0.00601991 -0.0204467
39756.5 -4.18664e-16 9.47 0.043622 -0.0413671 -0.0446679
39766.7 -1.58206e-16 9.48 0.0305996 -0.0355053 -0.024877
39776.8 6.13744e-17 9.49 -0.0127386 0.00572527 0.0194251
39786.7 -1.66018e-15 9.5 -0.0434566 0.0412527 0.0445881
39796.4 -3.84893e-16 9.51 -0.0311228 0.0356876 0.0258202
39805.8 1.3664e-15 9.52 0.0120433 -0.00542599 -0.0183868
39815.1 2.12009e-15 9.53 0.0432787 -0.0411348 -0.0444788
39824.2 3.69617e-16 9.54 0.0316411 -0.0358708 -0.0267501
39833.1 8.74788e-16 9.55 -0.0113405 0.00512205 0.0173324
39841.8 3.39723e-16 9.56 -0.0430883 0.0410132 0.0443396
39850.3 3.24233e-16 9.57 -0.0321541 0.036055 0.0276658
39858.6 -3.25558e-16 9.58 0.0106304 -0.00481344 -0.0162623
39866.7 -3.23117e-16 9.59 0.0428851 -0.0408879 -0.0441703
39874.6 -6.8375e-17 9.6 0.0326616 -0.0362402 -0.0285666
39882.3 4.66319e-16 9.61 -0.00991302 0.00450017 0.0151771
39889.8 1.34137e-15 9.62 -0.042669 0.0407587 0.0439706
39897.1 2.53897e-15 9.63 -0.0331633 0.0364261 0.0294517
39904.1 -6.62019e-17 9.64 0.00918858 -0.0041822 -0.0140775
39911 -6.8515e-16 9.65 0.0424399 -0.0406257 -0.0437405
39917.7 7.14757e-16 9.66 0.0336589 -0.0366128 -0.0303203
39924.2 5.96137e-16 9.67 -0.00845719 0.00385955 0.012964
39930.5 -3.87429e-16 9.68 -0.0421976 0.0404886 0.0434796
39936.5 8.32033e-17 9.69 -0.0341481 0.0368002 0.0311715
39942.4 5.54503e-16 9.7 0.00771899 -0.0035322 -0.0118373
39948.1 1.08869e-16 9.71 0.0419419 -0.0403474 -0.0431878
39953.5 5.8851e-16 9.72 0.0346305 -0.0369881 -0.0320045
39958.7 1.44254e-15 9.73 -0.00697413 0.00320014 0.010698
39963.7 -1.03239e-15 9.74 -0.0416727 0.0402021 0.0428649
39968.5 -1.11331e-15 9.75 -0.035106 0.0371765 0.0328185
39973.1 -2.79984e-16 9.76 0.00622278 -0.00286338 -0.00954686
39977.4 -6.99758e-17 9.77 0.0413899 -0.0400524 -0.0425109
39981.5 8.9313e-16 9.78 0.0355742 -0.0373653 -0.0336128
39985.3 -7.66538e-16 9.79 -0.0054651 0.00252192 0.00838455
39988.9 -2.7942e-16 9.8 -0.0410933 0.0398984 0.0421256
39992.2 -2.67705e-16 9.81 -0.0360348 0.0375545 0.0343863
39995.2 -3.47227e-17 9.82 0.00470127 -0.00217574 -0.00721182
39997.8 2.48374e-18 9.83 0.0407827 -0.03974 -0.0417089
40000.1 2.29398e-21 9.84 0.0364874 -0.0377438 -0.0351385
40002.4 -3.47769e-12 9.85 -0.00393147 0.00182486 0.0060294
40005.1 -1.96835e-12 9.86 -0.0404581 0.039577 0.0412608
40008.2 -7.37268e-13 9.87 -0.0369317 0.0379333 0.0358684
40011.6 -2.30307e-13 9.88 0.00315589 -0.00146928 -0.00483807
40015.4 -4.17453e-14 9.89 0.0401194 -0.0394094 -0.0407813
40019.5 -1.55006e-14 9.9 0.0373675 -0.0381229 -0.0365752
40024 2.14846e-15 9.91 -0.00237474 0.00110899 0.00363864
40028.9 6.5746e-16 9.92 -0.0397663 0.0392371 0.0402704
40034.2 3.25694e-16 9.93 -0.0377944 0.0383123 0.0372581
40040.1 -5.46872e-16 9.94 0.00158823 -0.000744009 -0.00243192
40046.5 -4.91144e-16 9.95 0.0393988 -0.0390599 -0.039728
40053.6 6.38053e-17 9.96 0.0382121 -0.0385016 -0.0379164
40061.7 -1.4718e-17 9.97 -0.000796574 0.000374343 0.00121875
40071.1 1.69407e-21 9.98 -0.0390168 0.0388778 0.0391542
40083.2 0 9.99 -0.0386201 0.0386907 0.0385492
