40720.5 -3.06624e-15 -0.144178 -0.104215 0.023451
38572.1 -1.82972e-13 0.126973 0.102718 0.0121183
42906.9 -2.78083e-13 -0.155276 -0.105855 0.0436223
36463.7 -1.66949e-13 -0.123912 -0.112997 -0.0436689
45129.3 -1.00826e-13 0.149624 0.0995045 -0.0424649
34397.4 1.45903e-14 0.138058 0.13186 0.0562158
32375.3 3.0669e-13 -0.148281 -0.140278 -0.0525246
47385.3 -6.36012e-15 0.138982 0.0911963 -0.0322676
30399.3 -2.14915e-14 0.133275 0.124636 0.0487339
28471.2 9.2499e-16 -0.0991457 -0.09609 -0.057785
26593 -1.3454e-16 0.0758263 0.0823845 0.0783902
24766.4 8.43897e-16 -0.0833139 -0.0977265 -0.099799
22993.3 2.35234e-15 0.106469 0.124546 0.114647
21275.3 4.36029e-16 -0.110178 -0.130576 -0.124407
19614.2 6.67537e-15 0.0799574 0.104498 0.132773
18011.5 -6.14009e-17 -0.0407874 -0.0697448 -0.137789
16468.7 1.20995e-16 0.0298536 0.0590098 0.134521
14987.4 -3.21313e-16 -0.0530608 -0.0775107 -0.125251
13569 3.37204e-17 0.0769229 0.0977829 0.122324
12214.8 -3.48531e-17 -0.0678255 -0.0929875 -0.136116
10926.3 -1.05815e-16 0.0335669 0.0695646 0.159926
9704.55 5.61049e-16 -0.0160385 -0.059032 -0.171311
8550.82 3.25961e-15 0.0403277 0.0771928 0.153348
7466.21 -7.42752e-18 -0.0802431 -0.100809 -0.115339
6451.78 1.19319e-17 0.0856824 0.0941999 0.0885615
5508.5 1.67857e-17 -0.0446083 -0.057345 -0.0967685
4637.28 7.12773e-17 0.00532721 0.0346751 0.129544
3838.97 6.70743e-18 -0.0244123 -0.064709 -0.147816
3114.35 -7.93119e-19 0.093818 0.124222 0.120534
2464.1 6.04776e-18 -0.13559 -0.13947 -0.0592307
1888.87 1.05788e-17 0.0843531 0.0681485 0.0161181
1389.2 -1.58499e-17 0.0258608 0.032063 -0.0440857
965.586 1.0545e-17 -0.0744653 -0.0365269 0.151523
618.431 2.04155e-18 -0.0275947 -0.123085 -0.289335
348.073 2.82966e-16 0.228395 0.362743 -0.621215
154.775 0 -0.356879 0.513144 -0.358539
38.7147 0 -0.728589 0.350908 0.217869
49673 4.2913e-15 -0.141579 -0.0912117 0.0312715
51989.9 -3.97539e-14 -0.158379 -0.0978266 0.0475122
54334 -1.78439e-13 -0.171347 -0.0970209 0.0740358
56702.8 -2.48976e-14 -0.165886 -0.0799432 0.0975754
59094.3 4.63892e-13 -0.149873 -0.056676 0.109862
61505.9 -6.62642e-13 -0.145753 -0.0478967 0.111226
63935.5 -6.04279e-13 -0.164535 -0.062186 0.106673
66380.5 -2.63063e-13 -0.192307 -0.0847701 0.10166
68838.8 2.73316e-13 -0.205224 -0.0914829 0.101371
71307.8 -4.4725e-14 -0.195666 -0.0733395 0.110283
73785.3 -1.92799e-13 -0.179708 -0.0450969 0.128554
76268.8 -4.82717e-14 -0.178172 -0.0291352 0.14837
78755.9 -3.81761e-13 -0.193766 -0.0329163 0.156989
81244.2 1.63828e-13 -0.2099 -0.0437993 0.147071
83731.3 1.11348e-13 -0.210591 -0.0443172 0.125255
86214.7 1.54219e-13 -0.197136 -0.0290726 0.108932
88692.2 -1.89521e-13 -0.18318 -0.0056478 0.111981
91161.2 -2.24955e-13 -0.176524 0.0176255 0.132117
93619.5 -1.48695e-12 -0.170793 0.040048 0.152067
96064.6 3.24275e-13 -0.156184 0.064036 0.153916
98494.1 2.87015e-13 -0.134231 0.0866962 0.133521
100906 5.44923e-14 -0.117007 0.101183 0.102657
103297 -1.23923e-14 -0.111403 0.107343 0.0785406
105666 -5.62519e-13 -0.108598 0.11683 0.0710637
108010 7.28463e-13 -0.0932714 0.142744 0.0775851
110327 -1.43962e-14 -0.0628162 0.1832 0.0866481
112615 -3.08418e-13 -0.0334534 0.218352 0.0854701
114871 7.49448e-14 -0.0244833 0.227381 0.0664675
117093 -1.14569e-14 -0.0375399 0.209283 0.0313101
119280 5.23824e-14 -0.0543355 0.185258 -0.00848659
121428 2.17249e-13 -0.0558385 0.179042 -0.0365957
123536 3.59472e-14 -0.0417922 0.194831 -0.0423767
125603 2.78179e-14 -0.0295659 0.214725 -0.0304647
127625 4.41542e-14 -0.0348793 0.216868 -0.0201757
129601 -1.31638e-14 -0.056428 0.194794 -0.0320686
131529 2.82659e-13 -0.0801125 0.159842 -0.0710434
133407 -2.28906e-13 -0.0953304 0.128129 -0.120589
135234 8.01482e-14 -0.103478 0.108265 -0.154337
137007 -1.29005e-13 -0.110688 0.10062 -0.155952
138725 -9.99482e-13 -0.116852 0.103052 -0.131178
140386 8.71118e-13 -0.116236 0.112165 -0.103155
141989 -1.96291e-13 -0.108372 0.119409 -0.0960339
143531 8.34729e-13 -0.103077 0.112265 -0.119363
145013 8.86376e-13 -0.109992 0.0860195 -0.162308
146431 -2.35757e-13 -0.123616 0.0554245 -0.19918
147785 -3.74111e-13 -0.123595 0.0491519 -0.20327
149074 1.11122e-12 -0.0943273 0.0852505 -0.164048
150295 -7.5527e-13 -0.0444644 0.148849 -0.0991092
151449 -1.84705e-12 -0.00353818 0.197301 -0.0494397
152534 -4.28107e-13 0.00420518 0.194158 -0.0534363
153548 -1.24691e-12 -0.0163434 0.143453 -0.113426
154492 1.49488e-12 -0.0342348 0.0911173 -0.183167
155363 1.04844e-13 -0.0206484 0.0882986 -0.19575
156161 3.81826e-13 0.0244024 0.146662 -0.117826
156886 -1.74164e-12 0.0712607 0.224455 0.0137864
157536 3.49603e-12 0.0846842 0.255904 0.110442
158111 -5.31744e-12 0.0499249 0.199726 0.0971821
158611 -1.1452e-11 -0.0198964 0.0681843 -0.0271169
159034 1.56762e-11 -0.0959586 -0.0832579 -0.187304
159382 -2.37946e-12 -0.15087 -0.193206 -0.289907
159652 5.9928e-12 -0.168144 -0.228115 -0.29018
159845 0 -0.143265 -0.190872 -0.210957
159961 0 -0.0821734 -0.105963 -0.10412
