0 1000 10 0
inf -10000 0 1 -0 -0
30073.3 -2.19431e-15 0.01 0 -0.0387524 0.0386821
30127.5 -2.72966e-15 0.02 0 0.0386488 -0.0387885
30181.6 2.859e-16 0.03 0 1.3645e-05 0.000407006
30235.7 1.33345e-12 0.04 0 -0.0386625 0.0383777
30018.9 -4.32134e-13 0.05 0 0.0388355 -0.0391781
30289.6 7.35743e-13 0.06 0 -0.00037986 0.00122156
29964.5 -2.5715e-14 0.07 0 -0.0384535 0.037943
30343.4 2.64912e-13 0.08 0 0.0390601 -0.0395941
29910 -8.50257e-15 0.09 0 -0.000844048 0.00210648
30397.2 -1.6289e-13 0.1 0 -0.0382109 0.0374631
29855.4 4.49919e-17 0.11 0 0.0392967 -0.0400098
30450.8 2.06909e-13 0.12 0 -0.00133801 0.00302044
29800.6 -6.07465e-16 0.13 0 -0.03795 0.0369534
30504.3 -8.53889e-14 0.14 0 0.0395368 -0.0404165
30557.7 -9.47748e-15 0.15 0 -0.00184833 0.00394964
29745.8 -1.69781e-13 0.16 0 -0.0376762 0.0364192
30611 7.46096e-14 0.17 0 0.039777 -0.0408104
29690.9 6.7842e-14 0.18 0 -0.00236889 0.00488756
30664.2 3.72407e-15 0.19 0 -0.0373921 0.0358632
30717.3 -1.48208e-14 0.2 0 0.0400153 -0.0411892
29635.9 -2.94254e-14 0.21 0 -0.00289637 0.00583053
30770.3 8.70968e-14 0.22 0 -0.0370991 0.0352871
30823.2 -4.32499e-14 0.23 0 0.0402504 -0.0415515
30876 -8.01583e-14 0.24 0 -0.00342875 0.00677614
29580.8 -1.58812e-13 0.25 0 -0.036798 0.0346918
30928.7 -7.42294e-15 0.26 0 0.0404816 -0.0418964
30981.3 -1.81372e-15 0.27 0 -0.00396469 0.00772267
31033.7 1.84317e-13 0.28 0 -0.0364893 0.0340781
31086.1 -1.17685e-14 0.29 0 0.0407084 -0.0422231
31138.3 -1.93642e-14 0.3 0 -0.00450326 0.00866879
31190.4 -2.77408e-14 0.31 0 -0.0361736 0.0334467
29525.6 2.40081e-16 0.32 0 0.0409302 -0.0425311
31242.5 3.5724e-14 0.33 0 -0.00504374 0.00961345
31294.4 1.10303e-14 0.34 0 -0.0358511 0.032798
31346.2 8.89752e-16 0.35 0 0.041147 -0.04282
31397.9 -1.22839e-14 0.36 0 -0.00558561 0.0105557
31449.4 4.38271e-16 0.37 0 -0.035522 0.0321326
31500.9 2.09013e-13 0.38 0 0.0413583 -0.0430894
31552.3 -1.29697e-13 0.39 0 -0.00612843 0.0114948
31603.5 4.3711e-14 0.4 0 -0.0351865 0.031451
31654.6 -7.58908e-14 0.41 0 0.0415639 -0.0433389
31705.6 3.2568e-14 0.42 0 -0.00667185 0.0124299
31756.5 3.17364e-14 0.43 0 -0.0348448 0.0307534
31807.3 2.76837e-14 0.44 0 0.0417639 -0.0435683
31857.9 6.2286e-14 0.45 0 -0.00721557 0.0133605
31908.5 4.87071e-14 0.46 0 -0.034497 0.0300404
31958.9 4.50061e-16 0.47 0 0.0419578 -0.0437774
32009.2 -6.84983e-15 0.48 0 -0.00775933 0.0142859
32059.4 1.56089e-14 0.49 0 -0.0341433 0.0293124
32109.5 2.87035e-14 0.5 0 0.0421458 -0.043966
32159.4 1.46751e-15 0.51 0 -0.00830291 0.0152054
32209.2 -2.37821e-15 0.52 0 -0.0337837 0.0285697
32258.9 4.03571e-15 0.53 0 0.0423276 -0.0441339
32308.5 -6.23862e-14 0.54 0 -0.0088461 0.0161186
32358 -4.7597e-15 0.55 0 -0.0334184 0.0278128
32407.3 -2.92755e-14 0.56 0 0.0425032 -0.044281
32456.6 -1.18408e-12 0.57 0 -0.00938872 0.0170248
29470.3 9.71293e-15 0.58 0 -0.0330474 0.027042
29414.9 -3.05054e-14 0.59 0 0.0426725 -0.044407
29359.4 -1.14518e-14 0.6 0 -0.00993059 0.0179236
32505.6 -5.08824e-15 0.61 0 -0.0326708 0.0262578
32554.6 3.23997e-14 0.62 0 0.0428355 -0.0445119
32603.5 -1.61498e-14 0.63 0 -0.0104716 0.0188145
32652.2 2.41633e-16 0.64 0 -0.0322888 0.0254606
32700.8 2.80187e-15 0.65 0 0.0429919 -0.0445957
32749.3 -2.29875e-14 0.66 0 -0.0110115 0.0196969
32797.6 -6.76565e-14 0.67 0 -0.0319014 0.0246507
32845.8 4.63365e-15 0.68 0 0.0431419 -0.0446582
32893.9 -7.9951e-15 0.69 0 -0.0115502 0.0205703
32941.9 -2.46204e-14 0.7 0 -0.0315087 0.0238285
32989.8 -4.56234e-15 0.71 0 0.0432853 -0.0446993
33037.5 -9.61099e-16 0.72 0 -0.0120877 0.0214344
33085.1 -2.49929e-14 0.73 0 -0.0311108 0.0229946
33132.5 -2.91245e-14 0.74 0 0.0434221 -0.044719
33179.8 -1.50013e-15 0.75 0 -0.0126236 0.0222886
33227 -1.82911e-14 0.76 0 -0.0307077 0.0221492
33274.1 -2.14893e-14 0.77 0 0.0435523 -0.0447173
33321 -4.01025e-14 0.78 0 -0.013158 0.0231324
33367.8 4.97693e-12 0.79 0 -0.0302995 0.0212929
33414.5 8.25694e-14 0.8 0 0.0436757 -0.0446941
33461 -2.41398e-14 0.81 0 -0.0136908 0.0239655
33507.4 3.68267e-15 0.82 0 -0.0298863 0.020426
33553.7 -3.35523e-12 0.83 0 0.0437924 -0.0446494
33599.9 9.1872e-14 0.84 0 -0.0142217 0.0247873
33645.9 7.99173e-15 0.85 0 -0.0294682 0.019549
33691.7 -1.98354e-14 0.86 0 0.0439024 -0.0445833
33737.5 -5.82405e-15 0.87 0 -0.0147507 0.0255975
33783.1 -2.83708e-14 0.88 0 -0.0290453 0.0186623
33828.5 7.27365e-12 0.89 0 0.0440055 -0.0444957
33873.9 -2.9868e-14 0.9 0 -0.0152777 0.0263957
33919 7.36582e-15 0.91 0 -0.0286175 0.0177664
33964.1 1.08416e-14 0.92 0 0.0441018 -0.0443867
34009 -1.68588e-16 0.93 0 -0.0158026 0.0271814
34053.8 1.81317e-15 0.94 0 -0.0281851 0.0168616
34098.4 2.77877e-15 0.95 0 0.0441912 -0.0442562
34142.9 -5.82147e-15 0.96 0 -0.0163252 0.0279542
34187.3 4.42007e-16 0.97 0 -0.0277481 0.0159485
34231.5 -9.89335e-16 0.98 0 0.0442737 -0.0441044
34275.6 4.44433e-14 0.99 0 -0.0168456 0.0287138
34319.5 -8.15158e-15 1 0 -0.0273064 0.0150274
34363.3 6.97432e-16 1.01 0 0.0443494 -0.0439313
34407 -1.66303e-12 1.02 0 -0.0173635 0.0294596
34450.5 -8.56851e-15 1.03 0 -0.0268604 0.0140989
34493.8 3.89179e-15 1.04 0 0.044418 -0.043737
34537.1 -1.04959e-13 1.05 0 -0.0178789 0.0301915
34580.2 -1.68376e-14 1.06 0 -0.0264099 0.0131634
34623.1 8.99576e-15 1.07 0 0.0444798 -0.0435215
34665.9 -2.17042e-15 1.08 0 -0.0183916 0.0309089
34708.5 -3.9254e-15 1.09 0 -0.0259551 0.0122213
34751 -3.83226e-15 1.1 0 0.0445345 -0.0432849
34793.4 3.29233e-14 1.11 0 -0.0189017 0.0316116
34835.6 4.08306e-15 1.12 0 -0.025496 0.0112732
34877.7 4.86478e-15 1.13 0 0.0445822 -0.0430275
34919.6 -1.93876e-14 1.14 0 -0.0194089 0.0322991
34961.4 -2.2201e-14 1.15 0 -0.0250328 0.0103194
35003 2.1173e-15 1.16 0 0.044623 -0.0427492
35044.5 -1.11255e-14 1.17 0 -0.0199133 0.0329712
35085.8 -8.96634e-16 1.18 0 -0.0245655 0.00936042
35127 -4.05765e-12 1.19 0 0.0446567 -0.0424501
35168 -1.10656e-15 1.2 0 -0.0204146 0.0336274
35208.9 -6.49758e-12 1.21 0 -0.0240942 0.00839678
35249.6 5.19131e-15 1.22 0 0.0446834 -0.0421306
35290.2 -4.52359e-15 1.23 0 -0.0209129 0.0342675
35330.6 1.62545e-14 1.24 0 -0.0236189 0.00742893
35370.9 -2.17489e-14 1.25 0 0.044703 -0.0417905
35411 5.23045e-15 1.26 0 -0.021408 0.0348911
35451 -1.56193e-14 1.27 0 -0.0231398 0.00645733
35490.8 1.0354e-15 1.28 0 0.0447155 -0.0414303
35530.5 -1.78337e-14 1.29 0 -0.0218999 0.0354979
35570 5.24543e-15 1.3 0 -0.0226569 0.00548247
35609.4 3.06774e-12 1.31 0 0.044721 -0.0410499
35648.6 -1.99834e-14 1.32 0 -0.0223884 0.0360877
35687.6 2.27464e-15 1.33 0 -0.0221703 0.00450481
35726.5 -6.39959e-15 1.34 0 0.0447195 -0.0406496
35765.3 -2.0139e-12 1.35 0 -0.0228735 0.03666
35803.9 2.6289e-14 1.36 0 -0.0216801 0.00352485
35842.3 -1.91826e-15 1.37 0 0.0447108 -0.0402296
35880.6 -3.69292e-15 1.38 0 -0.0233551 0.0372147
35918.7 1.54649e-14 1.39 0 -0.0211863 0.00254305
35956.7 1.94383e-12 1.4 0 0.0446951 -0.03979
35994.5 6.9113e-15 1.41 0 -0.0238331 0.0377515
36032.1 -3.15444e-12 1.42 0 -0.0206891 0.00155989
36069.6 -1.78542e-14 1.43 0 0.0446723 -0.0393311
36106.9 -1.25561e-12 1.44 0 -0.0243074 0.03827
36144.1 2.03474e-14 1.45 0 -0.0201885 0.000575869
36181.1 -1.42311e-12 1.46 0 0.0446424 -0.0388531
36218 1.15494e-14 1.47 0 -0.024778 0.03877
36254.7 1.48943e-14 1.48 0 -0.0196846 -0.000408545
36291.2 4.47967e-16 1.49 0 0.0446055 -0.0383563
36327.6 8.26599e-15 1.5 0 -0.0252447 0.0392513
36363.8 -3.81773e-15 1.51 0 -0.0191774 -0.00139287
36399.8 2.04373e-15 1.52 0 0.0445614 -0.0378408
36435.7 1.99052e-12 1.53 0 -0.0257075 0.0397136
36471.4 -7.24209e-15 1.54 0 -0.0186672 -0.00237662
36507 -1.97439e-16 1.55 0 0.0445103 -0.0373069
36542.4 -1.54565e-16 1.56 0 -0.0261664 0.0401567
36577.6 -1.51476e-16 1.57 0 -0.0181539 -0.00335932
36612.7 -1.06918e-15 1.58 0 0.0444521 -0.0367548
36647.6 -1.0072e-14 1.59 0 -0.0266211 0.0405804
36682.3 2.39777e-12 1.6 0 -0.0176376 -0.00434048
36716.9 -2.12487e-15 1.61 0 0.0443869 -0.0361849
36751.3 -6.90051e-13 1.62 0 -0.0270717 0.0409845
36785.6 1.42131e-15 1.63 0 -0.0171185 -0.00531963
36819.7 1.65651e-14 1.64 0 0.0443146 -0.0355973
36853.6 -3.81544e-15 1.65 0 -0.0275181 0.0413687
36887.3 -1.37777e-14 1.66 0 -0.0165965 -0.00629628
36920.9 3.00499e-14 1.67 0 0.0442352 -0.0349925
36954.3 -2.77172e-17 1.68 0 -0.0279601 0.0417328
36987.6 2.18095e-15 1.69 0 -0.0160719 -0.00726997
37020.6 5.3541e-15 1.7 0 0.0441488 -0.0343706
37053.6 -4.94779e-15 1.71 0 -0.0283978 0.0420768
37086.3 -3.68431e-12 1.72 0 -0.0155446 -0.00824021
37118.9 -4.7598e-15 1.73 0 0.0440554 -0.033732
37151.3 1.66663e-15 1.74 0 -0.0288311 0.0424003
37183.5 4.78495e-16 1.75 0 -0.0150147 -0.00920653
37215.6 -3.61142e-14 1.76 0 0.043955 -0.033077
37247.5 7.02872e-12 1.77 0 -0.0292598 0.0427033
37279.2 9.05336e-15 1.78 0 -0.0144824 -0.0101685
37310.8 -7.73646e-15 1.79 0 0.0438475 -0.0324058
37342.2 -1.8833e-12 1.8 0 -0.0296839 0.0429856
37373.4 8.08996e-16 1.81 0 -0.0139478 -0.0111255
37404.4 4.79278e-15 1.82 0 0.0437331 -0.0317189
37435.3 -8.55585e-15 1.83 0 -0.0301034 0.0432471
37466 -4.4448e-15 1.84 0 -0.0134108 -0.0120772
37496.5 -3.67596e-14 1.85 0 0.0436117 -0.0310165
37526.9 3.47815e-15 1.86 0 -0.0305181 0.0434875
37557.1 -9.00145e-16 1.87 0 -0.0128717 -0.0130232
37587.1 1.17451e-15 1.88 0 0.0434834 -0.030299
37616.9 5.61227e-12 1.89 0 -0.030928 0.0437069
37646.6 4.22103e-15 1.9 0 -0.0123304 -0.0139628
37676.1 3.40632e-15 1.91 0 0.0433481 -0.0295668
37705.4 7.11208e-12 1.92 0 -0.031333 0.043905
37734.5 -1.87448e-15 1.93 0 -0.0117871 -0.0148958
37763.5 6.24216e-17 1.94 0 0.0432059 -0.0288201
37792.3 2.83081e-15 1.95 0 -0.0317331 0.0440819
37820.9 -1.13921e-14 1.96 0 -0.0112419 -0.0158215
37849.3 1.58912e-15 1.97 0 0.0430568 -0.0280594
37877.6 -4.18079e-16 1.98 0 -0.0321282 0.0442373
37905.7 -2.97592e-16 1.99 0 -0.0106948 -0.0167397
37933.6 5.59451e-14 2 0 0.0429009 -0.027285
37961.3 -1.09759e-12 2.01 0 -0.0325182 0.0443712
37988.8 2.83672e-15 2.02 0 -0.010146 -0.0176497
38016.2 -6.02917e-16 2.03 0 0.042738 -0.0264973
38043.4 -1.77021e-15 2.04 0 -0.0329031 0.0444836
38070.4 -6.18939e-15 2.05 0 -0.00959547 -0.0185513
38097.3 3.33143e-13 2.06 0 0.0425684 -0.0256967
38123.9 6.42497e-12 2.07 0 -0.0332828 0.0445743
38150.4 -4.66764e-16 2.08 0 -0.00904338 -0.0194439
38176.7 7.14531e-16 2.09 0 0.042392 -0.0248835
38202.9 -6.38007e-16 2.1 0 -0.0336572 0.0446434
38228.8 -3.1682e-13 2.11 0 -0.0084898 -0.020327
38254.6 -4.0984e-15 2.12 0 0.0422088 -0.0240582
38280.1 -1.62391e-12 2.13 0 -0.0340263 0.0446909
38305.6 -1.41491e-14 2.14 0 -0.00793481 -0.0212004
38330.8 -4.07283e-15 2.15 0 0.0420188 -0.0232212
38355.8 2.60957e-15 2.16 0 -0.0343899 0.0447165
38380.7 1.32021e-16 2.17 0 -0.00737851 -0.0220634
38405.4 2.56153e-12 2.18 0 0.0418222 -0.0223728
38429.9 1.60644e-15 2.19 0 -0.0347482 0.0447205
38454.2 -3.75016e-15 2.2 0 -0.00682099 -0.0229158
38478.3 -7.35421e-15 2.21 0 0.0416188 -0.0215135
38502.3 1.30306e-15 2.22 0 -0.0351009 0.0447027
38526 -6.93434e-12 2.23 0 -0.00626233 -0.0237571
38549.6 8.8182e-16 2.24 0 0.0414088 -0.0206437
38573 2.10439e-12 2.25 0 -0.0354481 0.0446631
38596.3 -2.48738e-15 2.26 0 -0.00570262 -0.0245869
38619.3 -1.47004e-15 2.27 0 0.0411922 -0.0197638
38642.1 -1.97183e-12 2.28 0 -0.0357896 0.0446018
38664.8 5.75247e-16 2.29 0 -0.00514196 -0.0254047
38687.3 4.06591e-15 2.3 0 0.040969 -0.0188743
38709.6 8.20679e-16 2.31 0 -0.0361254 0.0445188
38731.7 8.97099e-17 2.32 0 -0.00458043 -0.0262102
38753.6 6.15473e-16 2.33 0 0.0407392 -0.0179756
38775.4 1.1565e-12 2.34 0 -0.0364556 0.0444142
38797 2.18609e-15 2.35 0 -0.00401813 -0.027003
38818.3 -7.41749e-16 2.36 0 0.040503 -0.017068
38839.5 2.16671e-12 2.37 0 -0.0367799 0.044288
38860.5 4.88399e-16 2.38 0 -0.00345515 -0.0277828
38881.3 6.60551e-12 2.39 0 0.0402602 -0.0161521
38902 -1.93867e-15 2.4 0 -0.0370983 0.0441402
38922.4 -3.4894e-15 2.41 0 -0.00289157 -0.028549
38942.7 -3.29603e-12 2.42 0 0.040011 -0.0152284
38962.7 -8.82012e-16 2.43 0 -0.0374109 0.0439709
38982.6 -2.12972e-15 2.44 0 -0.00232749 -0.0293013
39002.3 -3.46731e-15 2.45 0 0.0397554 -0.0142971
39021.8 3.61265e-15 2.46 0 -0.0377175 0.0437802
39041.2 1.07496e-15 2.47 0 -0.00176301 -0.0300395
39060.3 -3.3358e-12 2.48 0 0.0394934 -0.0133589
39079.2 -7.02997e-12 2.49 0 -0.0380182 0.0435682
39098 4.63767e-15 2.5 0 -0.0011982 -0.030763
39116.6 -4.0114e-15 2.51 0 0.0392251 -0.0124142
39134.9 5.77733e-16 2.52 0 -0.0383127 0.043335
39153.1 1.49763e-16 2.53 0 -0.000633163 -0.0314716
39171.1 1.04103e-15 2.54 0 0.0389505 -0.0114633
39188.9 -6.57522e-12 2.55 0 -0.0386012 0.0430807
39206.6 -3.4803e-15 2.56 0 -6.79898e-05 -0.0321649
39224 1.47554e-12 2.57 0 0.0386697 -0.0105069
39241.2 -4.48448e-12 2.58 0 -0.0388835 0.0428054
39258.3 1.52285e-14 2.59 0 0.00049723 -0.0328426
39275.2 4.21561e-16 2.6 0 0.0383827 -0.00954528
39291.8 -2.23028e-15 2.61 0 -0.0391597 0.0425092
39308.3 8.70326e-16 2.62 0 0.00106241 -0.0335043
39324.6 -2.02058e-15 2.63 0 0.0380895 -0.008579
39340.7 1.25761e-13 2.64 0 -0.0394295 0.0421924
39356.6 -7.5174e-16 2.65 0 0.00162744 -0.0341497
39372.3 5.01878e-15 2.66 0 0.0377902 -0.00760851
39387.9 -2.50532e-15 2.67 0 -0.0396932 0.041855
39403.2 -1.71592e-15 2.68 0 0.00219226 -0.0347785
39418.4 9.21811e-13 2.69 0 0.0374849 -0.00663429
39433.3 -8.94204e-13 2.7 0 -0.0399504 0.0414972
39448.1 1.94268e-15 2.71 0 0.00275675 -0.0353904
39462.6 3.30218e-15 2.72 0 0.0371736 -0.0056568
39477 1.70068e-12 2.73 0 -0.0402013 0.0411192
39491.2 -2.29484e-16 2.74 0 0.00332084 -0.0359851
39505.2 5.35475e-15 2.75 0 0.0368563 -0.00467653
39519 1.8379e-12 2.76 0 -0.0404458 0.0407211
39532.6 -5.03369e-15 2.77 0 0.00388442 -0.0365623
39546 5.96642e-13 2.78 0 0.0365331 -0.00369395
39559.3 -2.18871e-15 2.79 0 -0.0406839 0.0403032
39572.3 -2.90738e-15 2.8 0 0.00444742 -0.0371217
39585.1 -1.55601e-15 2.81 0 0.036204 -0.00270953
39597.8 -5.94953e-15 2.82 0 -0.0409154 0.0398657
39610.2 -6.00339e-17 2.83 0 0.00500973 -0.037663
39622.5 7.23395e-12 2.84 0 0.0358692 -0.00172377
39634.5 3.58769e-15 2.85 0 -0.0411404 0.0394087
39646.4 -1.40533e-16 2.86 0 0.00557127 -0.038186
39658.1 1.41374e-15 2.87 0 0.0355285 -0.000737145
39669.6 -6.20201e-15 2.88 0 -0.0413589 0.0389326
39680.8 -7.02701e-12 2.89 0 0.00613195 -0.0386905
39691.9 -3.59942e-15 2.9 0 0.0351822 0.000249871
39702.8 -1.33153e-15 2.91 0 -0.0415707 0.0384374
39713.5 1.7583e-16 2.92 0 0.00669167 -0.039176
39724 1.0135e-15 2.93 0 0.0348303 0.00123679
39734.4 4.87726e-15 2.94 0 -0.041776 0.0379235
39744.5 -7.77176e-13 2.95 0 0.00725036 -0.0396426
39754.4 -4.61748e-15 2.96 0 0.0344727 0.00222314
39764.1 1.52685e-14 2.97 0 -0.0419745 0.0373911
39773.7 -1.69798e-15 2.98 0 0.0078079 -0.0400898
39783 1.22778e-15 2.99 0 0.0341096 0.00320843
39792.1 -5.7659e-12 3 0 -0.0421663 0.0368405
39801.1 -1.08108e-16 3.01 0 0.00836423 -0.0405175
39809.9 3.2964e-12 3.02 0 0.0337411 0.00419218
39818.4 3.95412e-18 3.03 0 -0.0423514 0.036272
39826.8 2.18827e-18 3.04 0 0.00891924 -0.0409254
39834.9 1.4524e-18 3.05 0 0.0333671 0.00517392
39842.9 1.42659e-17 3.06 0 -0.0425298 0.0356857
39850.7 -9.31255e-18 3.07 0 0.00947285 -0.0413135
39858.3 1.75104e-17 3.08 0 0.0329878 0.00615316
39865.6 6.14913e-17 3.09 0 -0.0427013 0.035082
39872.8 -8.60801e-19 3.1 0 0.010025 -0.0416814
39879.8 -7.48672e-17 3.11 0 0.0326032 0.00712942
39886.6 2.01287e-18 3.12 0 -0.042866 0.0344613
39893.2 -7.09436e-17 3.13 0 0.0105755 -0.042029
39899.6 -5.39338e-18 3.14 0 0.0322133 0.00810224
39905.8 1.00166e-17 3.15 0 -0.0430238 0.0338237
39911.8 -3.7363e-21 3.16 0 0.0111244 -0.0423561
39917.6 -1.22564e-18 3.17 0 0.0318183 0.00907113
39923.3 -3.54804e-17 3.18 0 -0.0431748 0.0331696
39928.7 -9.47655e-18 3.19 0 0.0116715 -0.0426626
39933.9 -5.11326e-17 3.2 0 0.0314182 0.0100356
39938.9 -2.24285e-17 3.21 0 -0.0433189 0.0324994
39943.7 -8.73834e-21 3.22 0 0.0122167 -0.0429483
39948.4 -5.50335e-17 3.23 0 0.031013 0.0109952
39952.8 7.04607e-17 3.24 0 -0.043456 0.0318132
39957 3.83775e-17 3.25 0 0.0127601 -0.0432131
39961.1 1.71783e-16 3.26 0 0.0306028 0.0119495
39964.9 4.05715e-16 3.27 0 -0.0435862 0.0311116
39968.6 6.79278e-16 3.28 0 0.0133014 -0.0434569
39972 2.81931e-17 3.29 0 0.0301878 0.012898
39975.3 -3.17141e-15 3.3 0 -0.0437094 0.0303948
39978.3 1.13038e-15 3.31 0 0.0138406 -0.0436794
39981.2 -1.58101e-15 3.32 0 0.0297678 0.0138402
39983.8 -7.5731e-15 3.33 0 -0.0438256 0.0296631
39986.3 1.17086e-15 3.34 0 0.0143776 -0.0438807
39988.5 -5.74724e-15 3.35 0 0.0293431 0.0147757
39990.6 -1.373e-14 3.36 0 -0.0439348 0.028917
39992.5 -1.58173e-14 3.37 0 0.0149123 -0.0440606
39994.1 -1.42124e-14 3.38 0 0.0289137 0.015704
39995.6 -3.97461e-14 3.39 0 -0.044037 0.0281568
39996.9 2.81856e-14 3.4 0 0.0154447 -0.044219
39997.9 7.7966e-14 3.41 0 0.0284797 0.0166247
39998.8 1.91042e-13 3.42 0 -0.0441321 0.0273828
39999.5 -2.31929e-13 3.43 0 0.0159746 -0.0443558
39999.9 0 3.44 0 0.028041 0.0175373
40000.2 0 3.45 0 -0.0442202 0.0265955
29303.8 1.98973e-13 3.46 0 0.0165019 -0.0444711
29248.2 1.52622e-12 3.47 0 0.0275979 0.0184413
29192.4 2.42748e-13 3.48 0 -0.0443012 0.0257951
29136.6 1.26418e-12 3.49 0 0.0170266 -0.0445646
29080.6 2.17365e-12 3.5 0 0.0271503 0.0193364
29024.6 -1.51134e-12 3.51 0 -0.0443751 0.0249822
28968.5 1.31841e-13 3.52 0 0.0175487 -0.0446364
28912.3 -5.18489e-13 3.53 0 0.0266983 0.0202221
28856 5.3427e-14 3.54 0 -0.0444419 0.0241571
28799.6 1.61399e-12 3.55 0 0.0180679 -0.0446865
28743.1 1.59438e-14 3.56 0 0.0262421 0.0210979
28686.6 1.96015e-12 3.57 0 -0.0445015 0.0233202
28629.9 5.07716e-14 3.58 0 0.0185842 -0.0447148
28573.2 -3.78953e-14 3.59 0 0.0257816 0.0219635
28516.4 1.75531e-13 3.6 0 -0.0445541 0.0224719
28459.5 4.89949e-17 3.61 0 0.0190976 -0.0447212
28402.5 6.38102e-13 3.62 0 0.025317 0.0228183
28345.5 2.85743e-13 3.63 0 -0.0445995 0.0216126
28288.3 2.42608e-12 3.64 0 0.019608 -0.0447059
28231.1 -1.04678e-12 3.65 0 0.0248483 0.0236621
28173.8 -4.77537e-13 3.66 0 -0.0446377 0.0207428
28116.4 3.19142e-12 3.67 0 0.0201152 -0.0446688
28058.9 -5.87086e-13 3.68 0 0.0243757 0.0244943
28001.4 9.0572e-13 3.69 0 -0.0446688 0.0198629
27943.8 7.45199e-13 3.7 0 0.0206192 -0.0446098
27886.1 4.393e-13 3.71 0 0.0238991 0.0253146
27828.3 -1.21831e-16 3.72 0 -0.0446928 0.0189732
27770.4 5.32773e-13 3.73 0 0.0211199 -0.0445292
27712.5 7.62252e-13 3.74 0 0.0234186 0.0261225
27654.5 -6.14849e-13 3.75 0 -0.0447095 0.0180743
27596.4 1.24126e-12 3.76 0 0.0216173 -0.0444268
27538.2 2.71258e-12 3.77 0 0.0229344 0.0269178
27480 -2.74588e-12 3.78 0 -0.0447192 0.0171665
27421.7 -2.14987e-16 3.79 0 0.0221112 -0.0443027
27363.3 -4.47637e-13 3.8 0 0.0224465 0.0276999
27304.8 2.82289e-13 3.81 0 -0.0447216 0.0162504
27246.3 -8.12186e-15 3.82 0 0.0226016 -0.044157
27187.7 1.01862e-12 3.83 0 0.021955 0.0284685
27129.1 1.6603e-12 3.84 0 -0.0447169 0.0153263
27070.3 -1.05864e-12 3.85 0 0.0230883 -0.0439898
27011.5 5.83134e-13 3.86 0 0.02146 0.0292232
26952.6 1.91105e-12 3.87 0 -0.044705 0.0143947
26893.7 1.07154e-12 3.88 0 0.0235714 -0.0438011
26834.7 -1.19083e-13 3.89 0 0.0209615 0.0299637
26775.6 2.21485e-16 3.9 0 -0.0446859 0.0134561
26716.4 1.1561e-17 3.91 0 0.0240507 -0.0435911
26657.2 2.26402e-13 3.92 0 0.0204596 0.0306896
26597.9 2.60599e-16 3.93 0 -0.0446597 0.0125109
26538.6 -3.15642e-12 3.94 0 0.0245262 -0.0433598
26479.2 -8.89239e-13 3.95 0 0.0199545 0.0314006
26419.7 -3.4654e-12 3.96 0 -0.0446263 0.0115596
26360.1 8.8476e-13 3.97 0 0.0249977 -0.0431073
26300.5 -8.38068e-13 3.98 0 0.0194461 0.0320962
26240.9 8.57811e-15 3.99 0 -0.0445858 0.0106027
26181.2 1.24522e-13 4 0 0.0254653 -0.0428338
26121.4 3.11175e-13 4.01 0 0.0189346 0.0327762
26061.5 -4.54349e-13 4.02 0 -0.0445381 0.00964051
26001.6 1.41743e-13 4.03 0 0.0259287 -0.0425394
25941.6 5.60097e-17 4.04 0 0.0184201 0.0334402
25881.6 3.65838e-13 4.05 0 -0.0444833 0.00867365
25821.5 -4.88212e-14 4.06 0 0.0263881 -0.0422242
25761.4 1.31378e-12 4.07 0 0.0179025 0.0340879
25701.2 1.6305e-12 4.08 0 -0.0444213 0.00770254
25640.9 1.53617e-13 4.09 0 0.0268432 -0.0418884
25580.6 -3.66641e-13 4.1 0 0.0173821 0.034719
25520.3 -2.08371e-17 4.11 0 -0.0443523 0.00672766
25459.9 5.54287e-13 4.12 0 0.027294 -0.0415322
25399.4 2.46397e-12 4.13 0 0.0168589 0.0353331
25338.9 1.73138e-17 4.14 0 -0.044276 0.00574949
25278.3 2.50432e-13 4.15 0 0.0277404 -0.0411558
25217.6 1.25562e-17 4.16 0 0.016333 0.03593
25157 -1.51353e-12 4.17 0 -0.0441927 0.00476849
25096.2 9.83116e-14 4.18 0 0.0281825 -0.0407592
25035.4 -5.31557e-13 4.19 0 0.0158045 0.0365094
24974.6 -5.54402e-13 4.2 0 -0.0441023 0.00378516
24913.7 2.59087e-13 4.21 0 0.02862 -0.0403427
24852.8 1.38931e-12 4.22 0 0.0152734 0.037071
24791.8 1.00075e-12 4.23 0 -0.0440049 0.00279996
24730.8 7.06193e-13 4.24 0 0.0290529 -0.0399066
24669.7 2.06432e-17 4.25 0 0.0147398 0.0376145
24608.6 -1.94444e-13 4.26 0 -0.0439003 0.00181339
24547.4 -1.20631e-13 4.27 0 0.0294812 -0.039451
24486.2 2.87713e-17 4.28 0 0.0142039 0.0381397
24425 -3.25624e-13 4.29 0 -0.0437888 0.000825919
24363.7 -5.38418e-13 4.3 0 0.0299047 -0.0389761
24302.3 1.02145e-12 4.31 0 0.0136656 0.0386462
24241 1.30241e-13 4.32 0 -0.0436702 -0.000161967
24179.5 -1.35145e-15 4.33 0 0.0303235 -0.0384822
24118.1 2.59014e-12 4.34 0 0.0131252 0.0391339
24056.6 1.14459e-12 4.35 0 -0.0435446 -0.00114979
23995 -1.60748e-12 4.36 0 0.0307374 -0.0379695
23933.4 3.13341e-13 4.37 0 0.0125827 0.0396025
23871.8 -2.1968e-12 4.38 0 -0.043412 -0.00213706
23810.1 -3.72329e-17 4.39 0 0.0311464 -0.0374383
23748.4 -1.03955e-12 4.4 0 0.0120381 0.0400518
23686.7 2.77627e-12 4.41 0 -0.0432724 -0.0031233
23624.9 -8.70391e-13 4.42 0 0.0315504 -0.0368888
23563.1 1.15994e-13 4.43 0 0.0114916 0.0404816
23501.3 -1.48039e-13 4.44 0 -0.0431259 -0.00410802
23439.4 1.65441e-12 4.45 0 0.0319493 -0.0363212
23377.5 1.89842e-12 4.46 0 0.0109432 0.0408916
23315.5 -1.32491e-12 4.47 0 -0.0429724 -0.00509076
23253.6 6.49014e-14 4.48 0 0.0323431 -0.035736
23191.6 -1.05037e-18 4.49 0 0.0103931 0.0412816
23129.5 -4.01728e-13 4.5 0 -0.0428121 -0.00607102
23067.4 3.24245e-13 4.51 0 0.0327318 -0.0351333
23005.3 2.74836e-12 4.52 0 0.00984123 0.0416515
22943.2 1.22451e-12 4.53 0 -0.0426449 -0.00704833
22881 -8.35525e-13 4.54 0 0.0331152 -0.0345135
22818.8 -1.81521e-12 4.55 0 0.00928782 0.0420011
22756.6 2.20164e-12 4.56 0 -0.0424708 -0.00802221
22694.4 3.18662e-12 4.57 0 0.0334933 -0.0338768
22632.1 3.13971e-13 4.58 0 0.0087329 0.0423302
22569.8 -3.05134e-14 4.59 0 -0.04229 -0.00899219
22507.5 1.89046e-16 4.6 0 0.033866 -0.0332235
22445.1 -3.69615e-13 4.61 0 0.00817658 0.0426386
22382.8 3.61627e-12 4.62 0 -0.0421023 -0.00995778
22320.4 -6.22676e-13 4.63 0 0.0342333 -0.032554
22257.9 1.3467e-13 4.64 0 0.00761893 0.0429262
22195.5 -1.12485e-12 4.65 0 -0.0419079 -0.0109185
22133 -1.85948e-12 4.66 0 0.0345951 -0.0318687
22070.6 -9.91458e-14 4.67 0 0.00706005 0.0431929
22008.1 -2.35374e-13 4.68 0 -0.0417067 -0.011874
21945.5 2.39241e-12 4.69 0 0.0349514 -0.0311678
21883 1.44324e-12 4.7 0 0.00650002 0.0434384
21820.4 9.73511e-13 4.71 0 -0.0414989 -0.0128236
21757.8 1.1562e-12 4.72 0 0.035302 -0.0304516
21695.2 -2.44437e-12 4.73 0 0.00593894 0.0436628
21632.6 9.84993e-17 4.74 0 -0.0412844 -0.013767
21570 -1.43576e-12 4.75 0 0.035647 -0.0297206
21507.4 -5.33742e-13 4.76 0 0.0053769 0.0438659
21444.7 -1.12265e-12 4.77 0 -0.0410632 -0.0147037
21382 1.55712e-13 4.78 0 0.0359863 -0.0289751
21319.3 -6.38438e-13 4.79 0 0.00481399 0.0440476
21256.6 -4.01768e-13 4.8 0 -0.0408355 -0.0156332
21193.9 1.3871e-12 4.81 0 0.0363198 -0.0282154
21131.2 -2.58302e-12 4.82 0 0.00425029 0.0442077
21068.5 5.49892e-13 4.83 0 -0.0406012 -0.0165551
21005.7 -2.39816e-12 4.84 0 0.0366475 -0.0274419
20943 -5.23584e-13 4.85 0 0.0036859 0.0443463
20880.2 3.07277e-12 4.86 0 -0.0403603 -0.0174689
20817.4 8.37883e-14 4.87 0 0.0369693 -0.026655
20754.6 3.05667e-12 4.88 0 0.00312091 0.0444632
20691.8 2.26034e-13 4.89 0 -0.040113 -0.0183742
20629 6.39775e-13 4.9 0 0.0372852 -0.0258551
20566.2 2.61506e-12 4.91 0 0.00255541 0.0445585
20503.4 1.10508e-12 4.92 0 -0.0398593 -0.0192705
20440.6 7.82212e-13 4.93 0 0.0375951 -0.0250426
20377.8 -1.04537e-13 4.94 0 0.00198949 0.044632
20315 2.95426e-13 4.95 0 -0.0395991 -0.0201575
20252.1 -1.19092e-12 4.96 0 0.037899 -0.0242179
20189.3 -5.16052e-13 4.97 0 0.00142324 0.0446836
20126.5 -2.6827e-12 4.98 0 -0.0393326 -0.0210346
20063.7 1.04892e-12 4.99 0 0.0381968 -0.0233813
20000.8 1.93139e-13 5 0 0.000856747 0.0447135
19938 2.44897e-12 5.01 0 -0.0390598 -0.0219014
19875.2 -2.14453e-12 5.02 0 0.0384884 -0.0225333
19812.3 -1.17938e-12 5.03 0 0.000290113 0.0447216
19749.5 4.20801e-13 5.04 0 -0.0387807 -0.0227576
19686.7 3.30252e-12 5.05 0 0.0387739 -0.0216743
19623.9 3.33757e-17 5.06 0 -0.000276577 0.0447078
19561 2.77205e-13 5.07 0 -0.0384953 -0.0236027
19498.2 1.62592e-13 5.08 0 0.0390532 -0.0208046
19435.4 -6.41676e-13 5.09 0 -0.000843232 0.0446721
19372.6 6.73823e-13 5.1 0 -0.0382038 -0.0244362
19309.8 2.05374e-13 5.11 0 0.0393262 -0.0199249
19247 5.06438e-17 5.12 0 -0.00140976 0.0446147
19184.2 -7.2908e-14 5.13 0 -0.0379061 -0.0252578
19121.5 -3.14819e-12 5.14 0 0.0395929 -0.0190354
19058.7 -7.76254e-13 5.15 0 -0.00197607 0.0445355
18995.9 -5.35563e-13 5.16 0 -0.0376024 -0.0260671
18933.2 -1.56179e-13 5.17 0 0.0398532 -0.0181365
18870.5 3.79228e-14 5.18 0 -0.00254207 0.0444345
18807.7 -5.62332e-17 5.19 0 -0.0372926 -0.0268637
18745 -1.99824e-12 5.2 0 0.0401072 -0.0172289
18682.3 1.06164e-13 5.21 0 -0.00310767 0.0443119
18619.6 1.35218e-13 5.22 0 -0.0369768 -0.0276471
18556.9 2.46332e-18 5.23 0 0.0403547 -0.0163128
18494.3 3.26076e-13 5.24 0 -0.00367278 0.0441676
18431.6 -4.6456e-13 5.25 0 -0.036655 -0.0284171
18369 -1.96391e-12 5.26 0 0.0405957 -0.0153887
18306.4 -3.96821e-13 5.27 0 -0.00423731 0.0440017
18243.8 -3.12493e-12 5.28 0 -0.0363274 -0.0291732
18181.2 -8.1344e-13 5.29 0 0.0408302 -0.0144571
18118.7 -1.12226e-12 5.3 0 -0.00480117 0.0438144
18056.1 -6.95407e-14 5.31 0 -0.0359939 -0.0299151
17993.6 -1.80375e-12 5.32 0 0.0410582 -0.0135185
17931.1 -6.08883e-13 5.33 0 -0.00536426 0.0436056
17868.6 -9.09511e-14 5.34 0 -0.0356547 -0.0306423
17806.1 1.70333e-13 5.35 0 0.0412795 -0.0125732
17743.7 1.08115e-12 5.36 0 -0.00592651 0.0433756
17681.3 1.48298e-12 5.37 0 -0.0353097 -0.0313546
17618.9 1.64808e-12 5.38 0 0.0414943 -0.0116218
17556.5 -5.66809e-14 5.39 0 -0.0064878 0.0431244
17494.2 2.1796e-12 5.4 0 -0.034959 -0.0320516
17431.8 1.15372e-12 5.41 0 0.0417023 -0.0106647
17369.5 -7.34995e-13 5.42 0 -0.00704806 0.0428521
17307.3 -6.31727e-13 5.43 0 -0.0346028 -0.032733
17245 1.45006e-12 5.44 0 0.0419037 -0.00970237
17182.8 -4.46515e-13 5.45 0 -0.0076072 0.0425589
17120.6 -1.90648e-13 5.46 0 -0.0342409 -0.0333983
17058.4 3.71209e-17 5.47 0 0.0420984 -0.00873531
16996.3 3.14941e-13 5.48 0 -0.00816512 0.0422449
16934.2 -1.16466e-12 5.49 0 -0.0338736 -0.0340474
16872.1 -4.58097e-13 5.5 0 0.0422863 -0.00776398
16810.1 7.36744e-13 5.51 0 -0.00872174 0.0419102
16748.1 7.19558e-13 5.52 0 -0.0335008 -0.0346798
16686.1 2.51369e-12 5.53 0 0.0424674 -0.00678885
16624.2 -2.28902e-12 5.54 0 -0.00927697 0.0415551
16562.2 1.48095e-13 5.55 0 -0.0331226 -0.0352953
16500.4 2.62792e-12 5.56 0 0.0426416 -0.00581039
16438.5 2.09813e-13 5.57 0 -0.00983071 0.0411797
16376.7 1.00764e-13 5.58 0 -0.0327391 -0.0358936
16314.9 9.71247e-14 5.59 0 0.0428091 -0.0048291
16253.2 -3.20966e-13 5.6 0 -0.0103829 0.0407842
16191.5 -2.33552e-18 5.61 0 -0.0323503 -0.0364744
16129.8 -1.46703e-12 5.62 0 0.0429696 -0.00384543
16068.2 6.05105e-13 5.63 0 -0.0109334 0.0403688
16006.6 -8.51395e-13 5.64 0 -0.0319563 -0.0370373
15945.1 1.6579e-13 5.65 0 0.0431233 -0.00285988
15883.6 -2.82197e-13 5.66 0 -0.0114821 0.0399336
15822.1 -1.03529e-12 5.67 0 -0.0315572 -0.0375822
15760.7 -1.38923e-12 5.68 0 0.04327 -0.00187293
15699.3 1.31838e-13 5.69 0 -0.0120291 0.039479
15638 -6.24987e-13 5.7 0 -0.031153 -0.0381087
15576.7 -9.6616e-13 5.71 0 0.0434098 -0.000885056
15515.4 1.21565e-12 5.72 0 -0.0125741 0.039005
15454.2 2.40069e-13 5.73 0 -0.0307438 -0.0386166
15393 1.18247e-13 5.74 0 0.0435426 0.000103257
15331.9 2.31557e-13 5.75 0 -0.013117 0.038512
15270.8 1.84867e-13 5.76 0 -0.0303297 -0.0391056
15209.8 -9.0937e-14 5.77 0 0.0436684 0.00109153
15148.8 1.52353e-12 5.78 0 -0.0136579 0.0380002
15087.9 -7.7895e-13 5.79 0 -0.0299107 -0.0395756
15027 -1.38851e-13 5.8 0 0.0437872 0.00207927
14966.2 -7.90606e-13 5.81 0 -0.0141966 0.0374698
14905.4 2.03682e-15 5.82 0 -0.0294868 -0.0400262
14844.7 -1.95637e-14 5.83 0 0.043899 0.003066
14784 1.12284e-12 5.84 0 -0.014733 0.0369211
14723.4 2.84519e-13 5.85 0 -0.0290583 -0.0404573
14662.8 -1.64192e-13 5.86 0 0.0440037 0.00405125
14602.3 -6.1129e-16 5.87 0 -0.0152671 0.0363544
14541.8 -1.44253e-12 5.88 0 -0.028625 -0.0408686
14481.4 3.05201e-13 5.89 0 0.0441013 0.00503452
14421 -2.41408e-13 5.9 0 -0.0157987 0.0357699
14360.7 -9.27519e-14 5.91 0 -0.0281872 -0.0412599
14300.4 3.94882e-13 5.92 0 0.0441919 0.00601534
14240.2 -1.30403e-13 5.93 0 -0.0163278 0.035168
14180.1 1.50079e-12 5.94 0 -0.0277448 -0.0416311
14120 -5.14295e-13 5.95 0 0.0442754 0.00699322
14060 -2.05781e-13 5.96 0 -0.0168542 0.0345488
14000 -3.32328e-13 5.97 0 -0.0272979 -0.041982
13940.1 9.69824e-13 5.98 0 0.0443517 0.0079677
13880.3 -6.28051e-13 5.99 0 -0.017378 0.0339128
13820.5 2.23343e-13 6 0 -0.0268467 -0.0423124
13760.8 1.16336e-17 6.01 0 0.0444209 0.00893829
13701.1 3.70816e-14 6.02 0 -0.017899 0.0332602
13641.5 -1.24901e-13 6.03 0 -0.0263911 -0.042622
13581.9 -6.73026e-13 6.04 0 0.044483 0.00990452
13522.5 3.11917e-13 6.05 0 -0.0184171 0.0325914
13463.1 -1.04107e-12 6.06 0 -0.0259313 -0.0429109
13403.7 -2.99077e-13 6.07 0 0.0445379 0.0108659
13344.4 6.28784e-14 6.08 0 -0.0189322 0.0319066
13285.2 -6.86328e-13 6.09 0 -0.0254673 -0.0431788
13226.1 -1.42329e-19 6.1 0 0.0445857 0.011822
13167 3.29544e-13 6.11 0 -0.0194443 0.0312063
13108 -5.75343e-13 6.12 0 -0.0249992 -0.0434257
13049 -2.37131e-14 6.13 0 0.0446263 0.0127723
12990.1 -3.72553e-13 6.14 0 -0.0199533 0.0304907
12931.3 5.95893e-13 6.15 0 -0.0245271 -0.0436513
12872.6 1.10907e-13 6.16 0 0.0446597 0.0137164
12813.9 -1.1354e-13 6.17 0 -0.0204591 0.0297602
12755.3 -9.32636e-13 6.18 0 -0.0240511 -0.0438556
12696.8 -2.67456e-14 6.19 0 0.044686 0.0146538
12638.3 -8.45982e-15 6.2 0 -0.0209616 0.0290152
12579.9 8.32767e-18 6.21 0 -0.0235712 -0.0440385
12521.6 9.33161e-14 6.22 0 0.0447051 0.0155841
12463.4 -7.17482e-16 6.23 0 -0.0214607 0.0282559
12405.2 9.49265e-14 6.24 0 -0.0230875 -0.0441998
12347.1 1.38047e-12 6.25 0 0.044717 0.0165067
12289.1 6.46559e-13 6.26 0 -0.0219564 0.0274829
12231.2 4.81545e-14 6.27 0 -0.0226 -0.0443396
12173.3 1.39438e-12 6.28 0 0.0447217 0.0174213
12115.6 -7.26767e-14 6.29 0 -0.0224486 0.0266964
12057.9 -7.99233e-17 6.3 0 -0.022109 -0.0444577
12000.2 -7.69768e-13 6.31 0 0.0447192 0.0183274
11942.7 -4.63368e-13 6.32 0 -0.0229372 0.0258969
11885.2 1.56104e-14 6.33 0 -0.0216143 -0.0445541
11827.8 -1.131e-12 6.34 0 0.0447095 0.0192245
11770.5 -5.14492e-13 6.35 0 -0.0234221 0.0250848
11713.3 -2.18853e-15 6.36 0 -0.0211162 -0.0446287
11656.2 -1.06872e-13 6.37 0 0.0446927 0.0201122
11599.1 2.13893e-14 6.38 0 -0.0239032 0.0242604
11542.1 3.75014e-14 6.39 0 -0.0206147 -0.0446815
11485.2 1.65861e-12 6.4 0 0.0446686 0.0209902
11428.4 3.49185e-13 6.41 0 -0.0243805 0.0234241
11371.7 1.05816e-12 6.42 0 -0.0201099 -0.0447125
11315 3.88887e-13 6.43 0 0.0446374 0.0218578
11258.5 6.50872e-13 6.44 0 -0.0248538 0.0225764
11202 6.21691e-13 6.45 0 -0.0196019 -0.0447217
11145.6 -2.38491e-13 6.46 0 0.044599 0.0227148
11089.4 -2.70957e-13 6.47 0 -0.0253232 0.0217176
11033.1 4.42023e-13 6.48 0 -0.0190907 -0.044709
10977 1.58975e-13 6.49 0 0.0445534 0.0235607
10921 1.67797e-13 6.5 0 -0.0257885 0.0208482
10865.1 -6.43668e-14 6.51 0 -0.0185764 -0.0446744
10809.2 -1.7039e-13 6.52 0 0.0445007 0.0243951
10753.5 -9.54902e-14 6.53 0 -0.0262497 0.0199687
10697.8 6.80921e-14 6.54 0 -0.0180591 -0.0446181
10642.2 1.25076e-13 6.55 0 0.0444408 0.0252176
10586.7 -1.8182e-13 6.56 0 -0.0267067 0.0190793
10531.3 7.1647e-13 6.57 0 -0.0175389 -0.0445399
10476 9.56648e-18 6.58 0 0.0443738 0.0260278
10420.8 6.76093e-14 6.59 0 -0.0271593 0.0181807
10365.7 1.84327e-13 6.6 0 -0.0170159 -0.04444
10310.7 -5.80775e-14 6.61 0 0.0442996 0.0268252
10255.8 -3.22341e-13 6.62 0 -0.0276076 0.0172731
10201 -4.38621e-13 6.63 0 -0.0164901 -0.0443183
10146.3 3.00707e-14 6.64 0 0.0442184 0.0276096
10091.6 -2.94239e-13 6.65 0 -0.0280515 0.0163572
10037.1 8.0955e-13 6.66 0 -0.0159617 -0.044175
9982.67 -2.15367e-15 6.67 0 0.04413 0.0283804
9928.34 3.2377e-13 6.68 0 -0.0284909 0.0154332
9874.11 -5.43994e-14 6.69 0 -0.0154308 -0.0440102
9819.98 -1.20835e-13 6.7 0 0.0440345 0.0291374
9765.95 2.06246e-13 6.71 0 -0.0289257 0.0145017
9712.02 4.82633e-14 6.72 0 -0.0148973 -0.0438238
9658.19 8.23712e-13 6.73 0 0.0439319 0.0298802
9604.46 2.33548e-13 6.74 0 -0.0293558 0.013563
9550.83 -1.43252e-12 6.75 0 -0.0143614 -0.043616
9497.31 2.27946e-13 6.76 0 0.0438223 0.0306084
9443.89 1.27129e-13 6.77 0 -0.0297812 0.0126178
9390.58 -2.36472e-13 6.78 0 -0.0138233 -0.0433869
9337.37 -1.94309e-13 6.79 0 0.0437056 0.0313216
9284.27 -5.77776e-13 6.8 0 -0.0302019 0.0116664
9231.27 4.3895e-13 6.81 0 -0.0132829 -0.0431366
9178.38 6.30482e-14 6.82 0 0.0435819 0.0320195
9125.59 -2.88679e-13 6.83 0 -0.0306177 0.0107093
9072.92 7.43968e-14 6.84 0 -0.0127403 -0.0428652
9020.35 5.29692e-13 6.85 0 0.0434512 0.0327018
8967.89 -5.20936e-15 6.86 0 -0.0310286 0.0097469
8915.53 -3.58388e-13 6.87 0 -0.0121957 -0.0425728
8863.29 6.49078e-14 6.88 0 0.0433134 0.0333681
8811.16 1.30366e-13 6.89 0 -0.0314344 0.00877978
8759.13 7.6751e-13 6.9 0 -0.0116492 -0.0422597
8707.22 3.73591e-13 6.91 0 0.0431688 0.0340181
8655.42 1.1188e-13 6.92 0 -0.0318353 0.00780836
8603.73 8.67366e-13 6.93 0 -0.0111007 -0.0419259
8552.16 6.43443e-14 6.94 0 0.0430172 0.0346515
8500.7 3.00125e-13 6.95 0 -0.032231 0.00683312
8449.35 -2.4307e-14 6.96 0 -0.0105505 -0.0415716
8398.11 5.6498e-14 6.97 0 0.0428586 0.0352679
8346.99 1.24001e-13 6.98 0 -0.0326215 0.00585454
8295.99 1.48619e-13 6.99 0 -0.00999857 -0.041197
8245.09 -4.51152e-13 7 0 0.0426932 0.0358672
8194.32 5.48788e-14 7.01 0 -0.0330068 0.00487309
8143.66 -4.83964e-13 7.02 0 -0.00944503 -0.0408023
8093.12 2.32852e-18 7.03 0 0.0425209 0.0364489
8042.7 1.49106e-13 7.04 0 -0.0333868 0.00388926
7992.39 1.21383e-15 7.05 0 -0.00888996 -0.0403877
7942.21 2.08221e-14 7.06 0 0.0423418 0.0370128
7892.14 -6.23523e-15 7.07 0 -0.0337614 0.00290352
7842.19 3.48754e-14 7.08 0 -0.00833346 -0.0399533
7792.36 -2.23945e-13 7.09 0 0.0421558 0.0375586
7742.66 -9.48841e-14 7.1 0 -0.0341306 0.00191636
7693.07 -1.86898e-13 7.11 0 -0.00777562 -0.0394993
7643.6 7.19786e-15 7.12 0 0.0419631 0.038086
7594.26 -2.39363e-13 7.13 0 -0.0344944 0.000928254
7545.04 -4.88756e-13 7.14 0 -0.00721653 -0.0390261
7495.94 1.3992e-13 7.15 0 0.0417637 0.0385949
7446.97 2.79797e-13 7.16 0 -0.0348525 -6.03061e-05
7398.12 1.43213e-14 7.17 0 -0.00665627 -0.0385338
7349.39 -3.89622e-13 7.18 0 0.0415575 0.0390849
7300.79 4.92842e-14 7.19 0 -0.0352051 -0.00104884
7252.32 2.02737e-14 7.2 0 -0.00609493 -0.0380227
7203.97 4.83991e-13 7.21 0 0.0413446 0.0395557
7155.74 2.97236e-14 7.22 0 -0.035552 -0.00203687
7107.64 2.7837e-13 7.23 0 -0.00553261 -0.0374929
7059.67 2.35174e-14 7.24 0 0.0411251 0.0400073
7011.83 3.46239e-13 7.25 0 -0.0358932 -0.0030239
6964.12 -1.24277e-13 7.26 0 -0.0049694 -0.0369449
6916.53 -4.56135e-13 7.27 0 0.0408989 0.0404393
6869.08 1.87478e-13 7.28 0 -0.0362286 -0.00400946
6821.75 1.05068e-13 7.29 0 -0.00440538 -0.0363788
6774.56 4.11047e-13 7.3 0 0.0406662 0.0408516
6727.49 -2.18991e-14 7.31 0 -0.0365582 -0.00499307
6680.55 -6.91185e-14 7.32 0 -0.00384065 -0.0357949
6633.75 -2.46042e-13 7.33 0 0.040427 0.0412439
6587.08 -1.13318e-13 7.34 0 -0.036882 -0.00597424
6540.54 -1.96313e-14 7.35 0 -0.0032753 -0.0351935
6494.13 -8.55571e-13 7.36 0 0.0401812 0.041616
6447.86 2.71623e-15 7.37 0 -0.0371997 -0.00695249
6401.72 -7.03072e-14 7.38 0 -0.00270942 -0.034575
6355.72 -1.86285e-14 7.39 0 0.039929 0.0419678
6309.85 -4.74859e-14 7.4 0 -0.0375116 -0.00792736
6264.11 4.77864e-13 7.41 0 -0.0021431 -0.0339395
6218.51 5.40802e-13 7.42 0 0.0396703 0.0422991
6173.05 -2.29695e-13 7.43 0 -0.0378173 -0.00889835
6127.72 -2.52583e-14 7.44 0 -0.00157643 -0.0332874
6082.53 8.60484e-19 7.45 0 0.0394053 0.0426097
6037.48 -5.06644e-17 7.46 0 -0.038117 -0.00986499
5992.56 2.34188e-13 7.47 0 -0.0010095 -0.0326191
5947.79 7.63568e-13 7.48 0 0.0391339 0.0428995
5903.15 1.17275e-13 7.49 0 -0.0384106 -0.0108268
5858.65 -2.77763e-13 7.5 0 -0.000442407 -0.0319348
5814.29 6.58586e-14 7.51 0 0.0388563 0.0431684
5770.07 2.34176e-13 7.52 0 -0.038698 -0.0117834
5725.99 5.68869e-14 7.53 0 0.000124761 -0.0312349
5682.06 2.14678e-15 7.54 0 0.0385723 0.0434161
5638.26 1.43946e-13 7.55 0 -0.0389792 -0.0127341
5594.6 1.10906e-13 7.56 0 0.000691913 -0.0305198
5551.09 6.10206e-14 7.57 0 0.0382822 0.0436427
5507.72 -7.22788e-14 7.58 0 -0.0392541 -0.0136787
5464.49 5.24572e-13 7.59 0 0.00125896 -0.0297897
5421.41 -1.86907e-14 7.6 0 0.0379859 0.0438479
5378.47 5.95086e-15 7.61 0 -0.0395227 -0.0146166
5335.68 2.11564e-13 7.62 0 0.0018258 -0.0290451
5293.03 2.46854e-13 7.63 0 0.0376835 0.0440316
5250.52 2.14251e-13 7.64 0 -0.0397849 -0.0155473
5208.16 2.68975e-13 7.65 0 0.00239236 -0.0282863
5165.95 -8.96858e-14 7.66 0 0.0373751 0.0441939
5123.88 -3.42878e-15 7.67 0 -0.0400408 -0.0164705
5081.96 1.71038e-13 7.68 0 0.00295853 -0.0275136
5040.18 6.57417e-14 7.69 0 0.0370606 0.0443345
4998.56 2.00418e-14 7.7 0 -0.0402902 -0.0173856
4957.08 -4.30709e-14 7.71 0 0.00352424 -0.0267275
4915.75 3.22248e-14 7.72 0 0.0367402 0.0444535
4874.57 4.97431e-15 7.73 0 -0.0405331 -0.0182922
4833.54 -1.37067e-13 7.74 0 0.00408937 -0.0259283
4792.66 1.75618e-13 7.75 0 0.0364138 0.0445508
4751.93 -7.23597e-14 7.76 0 -0.0407695 -0.0191899
4711.35 -1.42647e-13 7.77 0 0.00465386 -0.0251165
4670.92 4.92813e-14 7.78 0 0.0360816 0.0446263
4630.64 2.64557e-15 7.79 0 -0.0409994 -0.0200782
4590.51 -7.57895e-14 7.8 0 0.0052176 -0.0242923
4550.54 -1.82172e-14 7.81 0 0.0357436 0.0446799
4510.71 -9.88546e-14 7.82 0 -0.0412226 -0.0209567
4471.04 5.45451e-13 7.83 0 0.0057805 -0.0234563
4431.53 2.11173e-14 7.84 0 0.0353998 0.0447118
4392.17 1.31953e-13 7.85 0 -0.0414392 -0.0218249
4352.96 1.14186e-13 7.86 0 0.00634248 -0.0226089
4313.9 7.6294e-16 7.87 0 0.0350504 0.0447218
4275 8.62188e-14 7.88 0 -0.0416492 -0.0226825
4236.26 -7.96736e-14 7.89 0 0.00690344 -0.0217503
4197.67 1.51105e-13 7.9 0 0.0346953 0.0447099
4159.24 -1.56419e-16 7.91 0 -0.0418525 -0.023529
4120.96 9.36667e-14 7.92 0 0.00746329 -0.0208812
4082.84 6.2956e-15 7.93 0 0.0343346 0.0446762
4044.88 -7.15586e-15 7.94 0 -0.042049 -0.024364
4007.08 -1.32776e-13 7.95 0 0.00802195 -0.0200018
3969.43 -1.61204e-15 7.96 0 0.0339684 0.0446206
3931.94 -7.83959e-15 7.97 0 -0.0422388 -0.0251871
3894.61 -1.10484e-13 7.98 0 0.00857932 -0.0191127
3857.44 4.55508e-14 7.99 0 0.0335967 0.0445432
3820.43 1.50117e-13 8 0 -0.0424217 -0.0259979
3783.58 -5.59048e-19 8.01 0 0.00913531 -0.0182142
3746.88 8.03995e-14 8.02 0 0.0332196 0.0444441
3710.35 1.10666e-14 8.03 0 -0.0425979 -0.026796
3673.98 6.7408e-14 8.04 0 0.00968983 -0.0173068
3637.77 3.30632e-15 8.05 0 0.0328372 0.0443232
3601.72 3.3496e-14 8.06 0 -0.0427672 -0.027581
3565.84 -2.11211e-14 8.07 0 0.0102428 -0.0163909
3530.11 1.5788e-14 8.08 0 0.0324495 0.0441807
3494.55 5.91492e-14 8.09 0 -0.0429296 -0.0283525
3459.15 -7.46772e-15 8.1 0 0.0107941 -0.0154671
3423.92 -1.68359e-14 8.11 0 0.0320565 0.0440166
3388.84 7.29488e-14 8.12 0 -0.0430851 -0.0291101
3353.94 -1.06514e-15 8.13 0 0.0113437 -0.0145356
3319.19 1.73345e-13 8.14 0 0.0316584 0.0438309
3284.61 -8.08825e-14 8.15 0 -0.0432337 -0.0298536
3250.2 5.3122e-14 8.16 0 0.0118915 -0.0135971
3215.95 3.54425e-13 8.17 0 0.0312553 0.0436239
3181.87 7.84029e-14 8.18 0 -0.0433753 -0.0305824
3147.95 1.8209e-14 8.19 0 0.0124373 -0.0126519
3114.2 1.59481e-13 8.2 0 0.030847 0.0433955
3080.62 -7.67755e-15 8.21 0 -0.04351 -0.0312963
3047.2 1.56208e-13 8.22 0 0.0129812 -0.0117005
3013.95 -1.37753e-14 8.23 0 0.0304338 0.0431459
2980.87 -3.54323e-15 8.24 0 -0.0436377 -0.0319949
2947.95 -1.15449e-14 8.25 0 0.013523 -0.0107434
2915.21 -1.14223e-14 8.26 0 0.0300158 0.0428752
2882.63 1.37832e-14 8.27 0 -0.0437583 -0.0326779
2850.22 1.922e-14 8.28 0 0.0140626 -0.00978107
2817.98 -7.87685e-15 8.29 0 0.0295928 0.0425835
2785.91 -2.96138e-14 8.3 0 -0.0438719 -0.0333449
2754.01 4.10647e-14 8.31 0 0.0145999 -0.00881394
2722.28 5.20811e-14 8.32 0 0.0291652 0.0422711
2690.73 -1.49129e-14 8.33 0 -0.0439784 -0.0339956
2659.34 -6.84347e-15 8.34 0 0.0151349 -0.00784249
2628.12 2.82052e-13 8.35 0 0.0287328 0.041938
2597.08 -1.40982e-14 8.36 0 -0.0440779 -0.0346297
2566.2 -6.52829e-14 8.37 0 0.0156675 -0.0068672
2535.5 7.49215e-14 8.38 0 0.0282958 0.0415843
2504.97 1.92764e-13 8.39 0 -0.0441702 -0.0352468
2474.61 1.6687e-13 8.4 0 0.0161975 -0.00588856
2444.43 1.56826e-15 8.41 0 0.0278542 0.0412104
2414.42 4.12135e-15 8.42 0 -0.0442555 -0.0358467
2384.58 2.14337e-14 8.43 0 0.016725 -0.00490703
2354.92 2.84076e-13 8.44 0 0.0274082 0.0408163
2325.43 5.81522e-14 8.45 0 -0.0443336 -0.0364292
2296.12 8.76611e-15 8.46 0 0.0172497 -0.0039231
2266.98 -5.71123e-14 8.47 0 0.0269577 0.0404022
2238.01 3.37399e-14 8.48 0 -0.0444047 -0.0369938
2209.23 -6.0039e-14 8.49 0 0.0177717 -0.00293725
2180.61 2.16867e-13 8.5 0 0.0265029 0.0399684
2152.17 -1.59147e-14 8.51 0 -0.0444685 -0.0375403
2123.91 9.04958e-14 8.52 0 0.0182908 -0.00194997
2095.83 1.18356e-13 8.53 0 0.0260439 0.0395151
2067.92 -2.03124e-14 8.54 0 -0.0445252 -0.0380685
2040.19 -6.60686e-15 8.55 0 0.018807 -0.000961723
2012.63 -5.34418e-14 8.56 0 0.0255806 0.0390424
1985.26 1.07336e-14 8.57 0 -0.0445748 -0.038578
1958.06 2.56244e-14 8.58 0 0.0193202 2.69932e-05
1931.04 5.18846e-15 8.59 0 0.0251133 0.0385507
1904.19 2.01088e-14 8.6 0 -0.0446172 -0.0390687
1877.53 -2.08408e-14 8.61 0 0.0198302 0.0010157
1851.05 3.13646e-14 8.62 0 0.0246419 0.0380401
1824.74 -3.20488e-15 8.63 0 -0.0446523 -0.0395403
1798.61 2.34569e-14 8.64 0 0.0203371 0.00200391
1772.67 -4.66266e-14 8.65 0 0.0241665 0.0375109
1746.9 4.12231e-14 8.66 0 -0.0446804 -0.0399926
1721.31 6.07397e-15 8.67 0 0.0208407 0.00299115
1695.91 -4.0908e-14 8.68 0 0.0236872 0.0369634
1670.68 -4.02568e-14 8.69 0 -0.0447012 -0.0404254
1645.64 2.78129e-14 8.7 0 0.021341 0.00397692
1620.77 -2.30358e-15 8.71 0 0.0232041 0.0363978
1596.09 -5.37592e-15 8.72 0 -0.0447148 -0.0408383
1571.59 1.21524e-15 8.73 0 0.0218378 0.00496076
1547.27 -1.29209e-14 8.74 0 0.0227173 0.0358144
1523.13 2.01109e-14 8.75 0 -0.0447212 -0.0412314
1499.18 -1.51908e-16 8.76 0 0.0223311 0.00594217
1475.41 1.10012e-14 8.77 0 0.0222268 0.0352135
1451.82 3.97576e-14 8.78 0 -0.0447205 -0.0416042
1428.41 -6.11669e-15 8.79 0 0.0228208 0.00692068
1405.19 2.39464e-14 8.8 0 0.0217328 0.0345954
1382.15 9.51399e-16 8.81 0 -0.0447125 -0.0419567
1359.3 -1.09292e-15 8.82 0 0.0233068 0.00789581
1336.63 1.23065e-14 8.83 0 0.0212352 0.0339604
1314.14 3.88523e-14 8.84 0 -0.0446974 -0.0422888
1291.84 2.41039e-16 8.85 0 0.0237891 0.00886708
1269.72 3.54276e-14 8.86 0 0.0207342 0.0333087
1247.79 9.42717e-15 8.87 0 -0.044675 -0.0426001
1226.04 -4.52607e-14 8.88 0 0.0242676 0.00983402
1204.47 1.43573e-15 8.89 0 0.0202299 0.0326408
1183.1 -2.2046e-14 8.9 0 -0.0446455 -0.0428906
1161.91 9.73351e-15 8.91 0 0.0247422 0.0107962
1140.9 -2.29471e-14 8.92 0 0.0197223 0.0319569
1120.08 5.64562e-15 8.93 0 -0.0446088 -0.0431602
1099.45 -6.93448e-15 8.94 0 0.0252127 0.011753
1079 -2.08622e-14 8.95 0 0.0192116 0.0312574
1058.74 -4.28978e-15 8.96 0 -0.0445649 -0.0434086
1038.67 8.3735e-16 8.97 0 0.0256793 0.0127041
1018.78 7.93545e-15 8.98 0 0.0186978 0.0305427
999.084 1.00971e-15 8.99 0 -0.0445138 -0.0436358
979.573 1.70726e-14 9 0 0.0261417 0.013649
960.25 9.7371e-15 9.01 0 0.0181809 0.0298129
941.115 2.82739e-14 9.02 0 -0.0444556 -0.0438417
922.168 5.32052e-15 9.03 0 0.0265999 0.0145873
903.409 3.82638e-14 9.04 0 0.0176611 0.0290687
884.838 3.00484e-15 9.05 0 -0.0443902 -0.0440262
866.457 5.34623e-16 9.06 0 0.0270538 0.0155184
848.264 -3.90501e-14 9.07 0 0.0171385 0.0283102
830.26 3.60686e-16 9.08 0 -0.0443176 -0.0441892
812.445 -4.9673e-16 9.09 0 0.0275033 0.0164419
794.82 1.15508e-15 9.1 0 0.0166131 0.0275378
777.384 -9.1582e-15 9.11 0 -0.044238 -0.0443305
760.138 3.43309e-15 9.12 0 0.0279485 0.0173574
743.082 6.85662e-15 9.13 0 0.016085 0.026752
726.215 1.94533e-15 9.14 0 -0.0441512 -0.0444502
709.54 3.70479e-14 9.15 0 0.0283891 0.0182644
693.054 4.97731e-15 9.16 0 0.0155544 0.0259531
676.759 1.58587e-15 9.17 0 -0.0440573 -0.0445481
660.655 -5.87629e-16 9.18 0 0.0288252 0.0191625
644.741 4.65511e-15 9.19 0 0.0150212 0.0251415
629.019 1.89541e-15 9.2 0 -0.0439563 -0.0446243
613.488 -7.64579e-15 9.21 0 0.0292566 0.0200512
598.147 1.73081e-15 9.22 0 0.0144857 0.0243177
582.999 1.18248e-16 9.23 0 -0.0438483 -0.0446786
568.042 1.16346e-14 9.24 0 0.0296834 0.0209301
553.277 -9.41837e-15 9.25 0 0.0139477 0.0234819
538.704 -6.40295e-17 9.26 0 -0.0437332 -0.0447111
524.323 -2.87831e-15 9.27 0 0.0301053 0.0217988
510.134 2.35024e-15 9.28 0 0.0134076 0.0226347
496.137 -1.2603e-15 9.29 0 -0.043611 -0.0447218
482.334 7.73663e-16 9.3 0 0.0305225 0.0226568
468.722 4.56171e-15 9.31 0 0.0128653 0.0217764
455.304 1.83528e-16 9.32 0 -0.0434818 -0.0447106
442.078 -4.97376e-15 9.33 0 0.0309347 0.0235038
429.045 -2.83465e-15 9.34 0 0.0123209 0.0209074
416.205 1.52304e-15 9.35 0 -0.0433457 -0.0446775
403.559 -5.44165e-15 9.36 0 0.0313419 0.0243392
391.106 2.10733e-15 9.37 0 0.0117745 0.0200282
378.846 -1.8988e-15 9.38 0 -0.0432025 -0.0446226
366.781 1.06619e-14 9.39 0 0.0317441 0.0251628
354.909 7.27525e-16 9.4 0 0.0112262 0.0191392
343.23 -4.76608e-17 9.41 0 -0.0430524 -0.0445459
331.746 -1.6016e-16 9.42 0 0.0321412 0.0259741
320.456 -1.5627e-16 9.43 0 0.0106761 0.0182409
309.36 -7.52427e-16 9.44 0 -0.0428954 -0.0444473
298.458 -3.34844e-15 9.45 0 0.0325331 0.0267726
287.751 1.85789e-16 9.46 0 0.0101243 0.0173336
277.238 -4.53778e-16 9.47 0 -0.0427315 -0.0443271
266.92 -8.92469e-16 9.48 0 0.0329197 0.0275581
256.797 5.23935e-16 9.49 0 0.00957091 0.0164179
246.869 -7.86284e-16 9.5 0 -0.0425607 -0.0441852
237.135 -2.00376e-16 9.51 0 0.0333011 0.0283301
227.596 3.11084e-16 9.52 0 0.00901593 0.0154942
218.253 4.15678e-17 9.53 0 -0.042383 -0.0440217
209.105 6.6667e-15 9.54 0 0.0336771 0.0290883
200.152 -6.20891e-15 9.55 0 0.0084595 0.0145628
191.394 6.95516e-16 9.56 0 -0.0421985 -0.0438366
182.832 1.69745e-16 9.57 0 0.0340477 0.0298322
174.465 6.91397e-16 9.58 0 0.00790171 0.0136244
166.294 -9.86593e-15 9.59 0 -0.0420072 -0.0436302
158.319 -7.51693e-16 9.6 0 0.0344128 0.0305616
150.539 5.80936e-16 9.61 0 0.00734264 0.0126792
142.956 -7.47241e-16 9.62 0 -0.0418092 -0.0434024
135.568 9.2786e-16 9.63 0 0.0347724 0.031276
128.376 -1.6486e-15 9.64 0 0.00678239 0.0117279
121.38 -1.20993e-15 9.65 0 -0.0416044 -0.0431533
114.581 -1.52436e-15 9.66 0 0.0351264 0.0319752
107.977 2.15737e-18 9.67 0 0.00622104 0.0107709
101.57 -1.25014e-15 9.68 0 -0.041393 -0.0428832
95.3595 1.04456e-15 9.69 0 0.0354747 0.0326587
89.3449 -1.28796e-15 9.7 0 0.00565869 0.00980853
83.5268 -3.62463e-15 9.71 0 -0.0411748 -0.0425921
77.9049 7.50372e-15 9.72 0 0.0358174 0.0333262
72.4797 6.51309e-15 9.73 0 0.00509543 0.0088414
67.251 5.01677e-15 9.74 0 -0.0409501 -0.0422802
62.219 3.02648e-16 9.75 0 0.0361542 0.0339774
57.3836 3.51026e-15 9.76 0 0.00453135 0.00786995
52.7447 3.62061e-16 9.77 0 -0.0407187 -0.0419476
48.3026 2.11931e-22 9.78 0 0.0364853 0.0346121
44.057 -8.73056e-16 9.79 0 0.00396653 0.00689465
40.0083 -3.57445e-16 9.8 0 -0.0404808 -0.0415945
36.1564 -9.48355e-16 9.81 0 0.0368104 0.0352298
32.5012 -1.62508e-16 9.82 0 0.00340108 0.00591598
29.0428 1.6967e-15 9.83 0 -0.0402364 -0.0412211
25.7811 -2.8721e-15 9.84 0 0.0371297 0.0358303
22.7158 -1.35982e-23 9.85 0 0.00283507 0.00493441
19.8475 -3.39467e-16 9.86 0 -0.0399855 -0.0408275
17.1758 2.03874e-16 9.87 0 0.037443 0.0364132
14.7007 2.66349e-23 9.88 0 0.00226861 0.00395043
12.422 -2.91983e-16 9.89 0 -0.0397282 -0.040414
10.3397 -5.36221e-16 9.9 0 0.0377502 0.0369784
8.4535 2.88933e-24 9.91 0 0.00170178 0.00296452
6.76318 6.31249e-17 9.92 0 -0.0394644 -0.0399807
5.26822 2.01698e-16 9.93 0 0.0380514 0.0375255
3.96828 -2.72262e-24 9.94 0 0.00113467 0.00197715
2.86191 -1.7768e-17 9.95 0 -0.0391944 -0.0395278
1.94794 -2.34244e-17 9.96 0 0.0383464 0.0380542
1.22323 -7.17107e-17 9.97 0 0.000567383 0.000988819
0.681987 -2.01948e-28 9.98 0 -0.038918 -0.0390556
0.311681 0 9.99 0 0.0386353 0.0385644
