0 100 0
393.995 1.01302e-17 -0.21581 -0.152281 -0.0715406
415.477 9.21525e-15 -0.0446978 -0.158202 0.111942
372.913 -7.32631e-15 0.117375 -0.122325 -0.0765782
437.339 -1.32454e-14 -0.0432533 0.168816 -0.0929598
352.253 2.80579e-15 -0.119889 -0.0945777 -0.247237
332.035 -8.06136e-17 -0.107338 -0.00248519 -0.0623491
312.277 3.56061e-15 -0.0344507 -0.330378 -0.167755
459.561 6.62348e-17 0.0654496 -0.0190077 0.0385238
292.999 5.29473e-16 0.0504748 0.139342 -0.120395
274.221 -4.1716e-16 -0.176995 -0.0558825 0.0702436
255.959 -3.69213e-16 0.232559 0.123395 0.247292
238.232 -4.40501e-18 -0.0434585 -0.00299312 -0.143421
221.058 1.03506e-16 -0.00252958 0.217486 0.271852
204.452 5.4108e-17 0.0754215 -0.110448 0.061241
188.431 -3.91263e-18 0.153386 0.293273 0.0865678
173.01 -1.98234e-18 -0.150594 -0.0258823 0.0827313
158.206 2.13476e-17 0.260748 0.204102 0.312146
144.031 -4.96618e-20 0.0142595 0.0421886 -0.162597
130.501 -2.98328e-17 0.0302084 0.26448 0.368162
117.629 3.8003e-18 0.130284 -0.0206437 0.0347343
105.428 9.1601e-18 0.175874 0.313333 0.102389
93.9098 -8.45798e-18 -0.0795927 0.0268216 0.0984655
83.0877 5.44117e-20 0.275356 0.249954 0.280321
72.9731 1.33417e-19 0.0683813 0.0867853 -0.193399
63.578 2.55755e-18 0.0358378 0.223452 0.361151
54.9148 8.50989e-20 0.175998 0.0423541 -0.0501166
46.9966 1.06294e-19 0.0444577 0.149322 0.0345288
39.8385 1.47297e-19 -0.219688 -0.205153 0.0717925
33.4573 4.89344e-20 0.021707 -0.0877423 0.0635287
27.8652 -4.75854e-20 -0.0220196 -0.125873 -0.0755039
23.0272 8.52382e-20 0.186598 -0.00345317 0.558168
18.758 2.62208e-15 0.197083 -0.384585 0.286484
14.7427 -5.76635e-21 0.0152148 0.666958 -0.366174
10.7813 1.47545e-20 -0.463057 0.432487 0.175878
6.82894 0 0.780506 0.13368 -0.536828
2.88836 0 0.310332 0.0839604 -0.382901
482.12 -2.36743e-16 -0.0821503 0.0376377 -0.0883302
504.995 7.39162e-17 -0.21001 0.048519 0.0492483
528.163 -2.09541e-16 -0.161603 -0.0592412 0.0592845
551.602 2.6121e-15 -0.00895377 -0.113135 0.157957
575.289 5.32642e-16 0.0151163 -0.159463 0.116094
599.202 -1.13248e-15 -0.0169515 -0.00747629 0.110077
623.317 1.0099e-14 -0.173735 0.0607972 0.0338798
647.612 3.27634e-15 -0.203732 0.0965598 0.0721993
672.061 1.06816e-15 -0.179671 -0.0573191 0.090235
696.643 -2.61862e-14 -0.058419 -0.131817 0.176262
721.332 8.36596e-15 -0.0646102 -0.152765 0.165619
746.106 6.63403e-15 -0.126232 0.0026067 0.158045
770.939 -1.76799e-15 -0.256963 0.0827359 0.0809023
795.809 -1.57363e-15 -0.259316 0.0918735 0.0818212
820.691 -1.95206e-15 -0.206292 -0.060097 0.0928825
845.561 -2.09804e-15 -0.111296 -0.139336 0.171105
870.394 1.68624e-17 -0.143946 -0.13196 0.183337
895.168 -2.9998e-17 -0.226913 0.0230082 0.169166
919.857 -1.13533e-16 -0.320543 0.111011 0.0871317
944.439 -4.46776e-16 -0.280913 0.105135 0.0580577
968.888 1.35915e-15 -0.190871 -0.0294215 0.0666896
993.183 6.03952e-15 -0.11469 -0.0990386 0.139344
1017.3 -2.40071e-15 -0.173737 -0.0697108 0.166324
1041.21 -4.90121e-16 -0.27917 0.0699895 0.143735
1064.9 -1.86574e-15 -0.342127 0.15047 0.0602755
1088.34 5.20789e-15 -0.255483 0.140462 0.0148651
1111.51 4.20562e-16 -0.106989 0.0547256 0.0235404
1134.38 -1.87539e-15 -0.00324312 0.040852 0.080783
1156.94 -1.56048e-16 -0.0429389 0.119198 0.0971449
1179.16 1.1194e-16 -0.150813 0.241839 0.0522737
1201.02 -5.50949e-15 -0.220315 0.271428 -0.0265038
1222.5 -9.8727e-16 -0.170407 0.193724 -0.0531216
1243.59 1.7643e-16 -0.0669458 0.0848288 -0.00595099
1264.25 2.53305e-15 -0.00845736 0.0755723 0.0627066
1284.46 1.8851e-17 -0.0514061 0.176419 0.0613738
1304.22 -2.42091e-16 -0.132022 0.289787 -0.0371027
1323.5 4.98672e-15 -0.159804 0.291928 -0.160488
1342.28 -1.42155e-15 -0.102619 0.178147 -0.208202
1360.54 2.98054e-15 -0.0254716 0.0646872 -0.141441
1378.27 6.81327e-16 -0.0108269 0.0701799 -0.039033
1395.44 1.62234e-15 -0.0686971 0.193632 -0.0022758
1412.05 4.1543e-15 -0.132061 0.304098 -0.0771712
1428.07 1.13112e-15 -0.128 0.286941 -0.185454
1443.49 6.80287e-16 -0.0674289 0.148197 -0.233404
1458.29 4.27585e-15 -0.0204598 0.0279045 -0.176268
1472.47 -2.09502e-15 -0.0493013 0.0344113 -0.090976
1486 5.5192e-15 -0.123173 0.153861 -0.061004
1498.87 3.97242e-15 -0.167819 0.240259 -0.125278
1511.07 -6.08054e-15 -0.132321 0.194703 -0.209442
1522.59 6.95156e-15 -0.064865 0.0452314 -0.240845
1533.41 5.56145e-15 -0.0407032 -0.053685 -0.186798
1543.53 -3.97689e-16 -0.0919069 -0.0109147 -0.114607
1552.93 4.48479e-15 -0.146669 0.128881 -0.0848172
1561.59 -9.91568e-15 -0.125839 0.203794 -0.126895
1569.52 8.75539e-15 -0.0222486 0.135304 -0.189215
1576.69 1.49367e-14 0.0615737 -0.0035258 -0.223472
1583.08 -1.61179e-14 0.045716 -0.0347456 -0.184706
1588.68 -2.39594e-15 -0.026582 0.105829 -0.0675648
1593.45 -6.53794e-16 0.00770378 0.298564 0.128756
1597.31 -1.31236e-17 0.198355 0.3252 0.316835
1600.33 3.15298e-23 0.270492 0.138428 0.282647
1603.62 -3.43475e-16 0.100342 0.000695044 0.079854
1608.21 -2.27682e-18 0.0118205 -0.00305659 0.00814992
1614.82 0 -0.000253415 -0.000971371 -0.00071254
