0 100 0
394.896 -1.86978e-17 0.0155373 -0.308403 0.0610105
413.359 4.49117e-19 -0.155427 0.237187 -0.392234
376.367 7.01268e-20 0.233135 -0.0411045 0.183846
431.756 -2.63212e-15 0.0078978 0.130264 -0.12178
357.774 7.73072e-18 -0.0201062 -0.411224 0.306423
450.087 1.06465e-15 -0.381955 0.0877831 -0.078395
339.117 -3.38956e-17 0.286411 -0.185666 -0.00606671
468.35 -8.00977e-18 0.123513 0.151679 -0.343634
320.396 2.20863e-17 -0.0292627 -0.241263 -0.0102707
486.545 -4.69096e-17 -0.236474 0.11827 -0.138585
301.614 5.53391e-18 0.202284 -0.346708 0.345027
504.673 1.76311e-18 -0.0357953 0.0603442 -0.219493
522.737 -4.90489e-19 -0.0222683 -0.013471 0.0688131
282.77 -3.79548e-18 0.0161585 -0.415525 -0.322913
540.754 -1.6459e-18 0.0845188 -0.285896 0.112479
558.769 9.61577e-20 0.0519329 0.0804635 0.0138251
263.865 5.90438e-20 0.409826 0.1375 0.0517994
576.88 -6.09414e-21 0.455073 0.019885 0.0506521
244.901 -8.86653e-19 0.062883 -0.503088 -0.00760252
595.24 3.06894e-20 -0.351072 0.359982 0.124654
614.011 -1.36038e-19 -0.311314 -0.101088 -0.00771246
225.879 -3.7095e-20 0.440639 0.0212096 -0.123592
206.8 2.48377e-21 0.359933 0.0531811 -0.499549
633.307 -1.26793e-20 0.320728 -0.16489 0.454771
187.666 3.9094e-20 0.434129 0.0655859 0.244261
653.17 -4.46824e-14 0.0710968 -0.34177 -0.0955941
168.479 5.42914e-14 -0.106131 0.387372 0.392839
149.241 -2.00425e-20 0.563252 0.471161 -0.279186
129.956 -2.79219e-20 0.272963 0.0320015 -0.468306
110.627 -3.85736e-20 0.148235 0.00411591 0.235124
91.2605 1.85279e-20 -0.118057 -0.272562 -0.0674945
71.8656 4.31515e-22 0.0153019 0.108355 0.12734
673.589 4.18648e-15 -0.00630488 0.168166 0.16913
52.4574 2.2638e-15 0.174534 0.205107 0.191153
694.526 9.46131e-21 -0.150386 0.0913142 0.0969315
715.935 1.08347e-20 -0.0680389 -0.103619 0.256688
33.0657 1.9332e-15 0.22591 0.332401 0.307745
737.772 5.76336e-15 -0.373746 0.12212 -0.0837763
13.7691 -1.30815e-14 -0.143382 -0.256833 -0.279271
759.991 -5.66143e-17 -0.186151 0.0282956 0.307355
782.553 -6.5616e-16 0.120334 -0.324041 0.163989
805.42 -2.11504e-16 0.0326193 -0.0461149 0.0655213
828.557 8.71259e-16 -0.0131225 0.0104844 0.405769
851.929 -1.02386e-16 -0.111746 -0.0959181 0.0402241
875.505 1.09473e-15 -0.352819 0.334697 0.317245
899.253 -4.39242e-16 -0.173002 -0.188666 0.0234281
923.142 4.87047e-17 -0.0733099 0.111775 0.182145
947.142 -5.52961e-16 -0.0307388 -0.24402 0.099488
971.225 -2.19675e-16 0.000144261 0.0359133 0.278591
995.361 -9.37095e-17 -0.328519 0.0807387 0.184425
1019.52 -2.73717e-16 -0.221023 0.211879 0.195324
1043.68 1.93095e-16 -0.350529 0.231199 -0.0121018
1067.81 -8.6044e-17 -0.02108 0.0625066 0.0289108
1091.87 -1.32786e-17 -0.15665 0.0830068 0.0253162
1115.85 1.48951e-17 -0.100529 0.0283591 0.15805
1139.72 -1.01985e-16 -0.327914 0.269029 0.0702637
1163.44 2.28607e-16 -0.157829 0.259761 -0.0815257
1186.99 -2.21097e-16 -0.00629105 0.310433 -0.242791
1210.34 -6.38601e-18 0.236434 0.060843 -0.175373
1233.47 5.26018e-17 0.143861 0.0230868 0.11162
1256.34 -2.85051e-18 -0.110851 -0.0277644 0.344269
1278.93 1.0775e-16 -0.355997 0.176884 0.3548
1301.21 -2.91756e-16 -0.370674 0.21641 0.0355424
1323.16 -1.4257e-16 -0.168932 0.235055 -0.219413
1344.73 1.59613e-17 -0.0666948 0.0799948 -0.315692
1365.91 -1.80509e-16 -0.0875486 0.0774585 -0.117114
1386.66 3.48728e-17 -0.253605 0.120729 -0.0506934
1406.95 -1.66916e-16 -0.208408 0.237903 -0.0950693
1426.75 -2.27936e-16 -0.12199 0.188974 -0.306583
1446.02 -2.75339e-17 -0.00540492 0.0922674 -0.279008
1464.73 2.09702e-16 -0.143083 0.0339534 -0.179753
1482.83 -2.06634e-16 -0.185361 0.154647 -0.0597217
1500.28 -7.75675e-17 -0.140718 0.281927 -0.195533
1517.04 6.91523e-20 0.0561312 0.278197 -0.244623
1533.03 -1.47277e-16 -0.0202776 0.172629 -0.15219
1548.18 6.04827e-17 -0.129683 0.197466 0.0640256
1562.4 -3.88291e-17 -0.113868 0.362022 -0.000632593
1575.54 6.5851e-17 0.0989021 0.373725 -0.0965694
1587.35 4.95829e-18 -0.065003 0.124047 -0.0111645
1597.76 -3.30703e-20 -0.275708 -0.0877085 0.0282601
1607.96 1.36346e-22 -0.152033 -0.137428 -0.334863
1619.56 1.28005e-24 -0.0114542 -0.255299 -0.432177
1632.75 -9.62199e-14 -0.195383 -0.331743 -0.207915
1647.36 -5.22846e-14 -0.257934 -0.263168 0.036826
1663.26 -5.79641e-14 -0.207818 -0.113616 0.0853814
1680.41 -2.3568e-14 -0.0652745 -0.0241621 0.0833458
1698.82 -2.38073e-14 -0.0190649 0.0279839 0.043934
1718.51 -1.77809e-14 0.026924 0.0243457 0.0386031
1739.54 -1.60635e-15 0.0113357 0.0342351 0.0210849
1761.98 -8.03177e-16 0.0237667 0.014575 0.0199731
1785.95 -3.83374e-16 0.00779759 0.0237647 0.0126857
1811.59 -7.97973e-17 0.0121814 0.00382221 0.00730458
1839.09 -3.29597e-17 0.00530803 0.0152427 0.00830954
1868.7 -6.33174e-17 0.00215141 -0.00328615 -0.00246653
1900.78 -2.60209e-18 0.00537051 0.00888108 0.00656325
1935.83 8.67362e-18 -0.00588359 -0.00669569 -0.00931432
1974.61 -2.1684e-19 0.00708539 0.00383976 0.00636689
2018.38 4.87891e-19 -0.0112182 -0.00610452 -0.0124587
2069.57 0 0.0086572 -0.0011298 0.00576849
2134.42 0 -0.0108651 0.000252432 -0.00860665
